** Same
MIN: 0
MAX: 1
CMP: 0

TIM SORT table
| starting array  |    10000 |    15000 |    20000 |    25000 |    30000 |    35000 |    40000 |    45000 |    50000 |
|-----------------+----------+----------+----------+----------+----------+----------+----------+----------+----------|
| random          |  0.00700 |  0.01000 |  0.01300 |  0.01600 |  0.01900 |  0.02200 |  0.02500 |  0.02900 |  0.03200 |
| ordered         |  0.00100 |  0.00100 |  0.00200 |  0.00100 |  0.00200 |  0.00200 |  0.00200 |  0.00300 |  0.00300 |
| reversed        |  0.00100 |  0.00100 |  0.00100 |  0.00200 |  0.00200 |  0.00300 |  0.00200 |  0.00200 |  0.00300 |
| almost ordered  |  0.00000 |  0.00100 |  0.00200 |  0.00100 |  0.00200 |  0.00200 |  0.00300 |  0.00200 |  0.00300 |
| almost reversed |  0.00100 |  0.00100 |  0.00100 |  0.00200 |  0.00100 |  0.00200 |  0.00300 |  0.00300 |  0.00300 |

QUICK SORT table
| starting array  |    10000 |    15000 |    20000 |    25000 |    30000 |    35000 |    40000 |    45000 |    50000 |
|-----------------+----------+----------+----------+----------+----------+----------+----------+----------+----------|
| random          |  0.00400 |  0.00600 |  0.00800 |  0.01100 |  0.01200 |  0.01500 |  0.01700 |  0.01700 |  0.02200 |
| ordered         |  0.00400 |  0.00500 |  0.00900 |  0.00900 |  0.01100 |  0.01600 |  0.01700 |  0.01800 |  0.02000 |
| reversed        |  0.00400 |  0.00500 |  0.00800 |  0.01000 |  0.01100 |  0.01600 |  0.01700 |  0.01800 |  0.02000 |
| almost ordered  |  0.00400 |  0.00500 |  0.00800 |  0.00900 |  0.01000 |  0.01600 |  0.01700 |  0.01900 |  0.02000 |
| almost reversed |  0.00400 |  0.00500 |  0.00800 |  0.01000 |  0.01100 |  0.01600 |  0.01700 |  0.01800 |  0.02000 |

INSERTION SORT table
| starting array  |    10000 |    15000 |    20000 |    25000 |    30000 |    35000 |    40000 |    45000 |    50000 |
|-----------------+----------+----------+----------+----------+----------+----------+----------+----------+----------|
| random          |  0.34000 |  0.76900 |  1.37400 |  2.39000 |  3.30500 |  4.78400 |  5.62200 |  7.07900 |  8.68200 |
| ordered         |  0.00000 |  0.00000 |  0.00100 |  0.00100 |  0.00000 |  0.00100 |  0.00100 |  0.00100 |  0.00100 |
| reversed        |  0.00000 |  0.00100 |  0.00100 |  0.00100 |  0.00100 |  0.00200 |  0.00200 |  0.00200 |  0.00200 |
| almost ordered  |  0.00000 |  0.00000 |  0.00000 |  0.00100 |  0.00000 |  0.00000 |  0.00100 |  0.00100 |  0.00100 |
| almost reversed |  0.00100 |  0.00000 |  0.00100 |  0.00100 |  0.00200 |  0.00200 |  0.00100 |  0.00200 |  0.00200 |

COCKTAIL SORT table
| starting array  |    10000 |    15000 |    20000 |    25000 |    30000 |    35000 |    40000 |    45000 |    50000 |
|-----------------+----------+----------+----------+----------+----------+----------+----------+----------+----------|
| random          |  0.87200 |  1.94900 |  3.44600 |  5.36200 |  7.90900 | 10.35300 | 13.66500 | 17.16100 | 21.57100 |
| ordered         |  0.00100 |  0.00100 |  0.00100 |  0.00100 |  0.00100 |  0.00100 |  0.00200 |  0.00200 |  0.00200 |
| reversed        |  0.00100 |  0.00100 |  0.00100 |  0.00100 |  0.00100 |  0.00200 |  0.00200 |  0.00200 |  0.00200 |
| almost ordered  |  0.00100 |  0.00000 |  0.00100 |  0.00100 |  0.00100 |  0.00200 |  0.00200 |  0.00100 |  0.00200 |
| almost reversed |  0.00100 |  0.00000 |  0.00100 |  0.00100 |  0.00200 |  0.00200 |  0.00100 |  0.00200 |  0.00300 |

BUCKET SORT table
| starting array  |    10000 |    15000 |    20000 |    25000 |    30000 |    35000 |    40000 |    45000 |    50000 |
|-----------------+----------+----------+----------+----------+----------+----------+----------+----------+----------|
| random          |  0.00100 |  0.00100 |  0.00100 |  0.00200 |  0.00200 |  0.00300 |  0.00300 |  0.00400 |  0.00400 |
| ordered         |  0.00100 |  0.00100 |  0.00200 |  0.00200 |  0.00200 |  0.00300 |  0.00300 |  0.00300 |  0.00300 |
| reversed        |  0.00100 |  0.00100 |  0.00100 |  0.00200 |  0.00200 |  0.00300 |  0.00300 |  0.00300 |  0.00300 |
| almost ordered  |  0.00100 |  0.00200 |  0.00200 |  0.00200 |  0.00200 |  0.00300 |  0.00300 |  0.00400 |  0.00400 |
| almost reversed |  0.00100 |  0.00100 |  0.00100 |  0.00200 |  0.00200 |  0.00300 |  0.00300 |  0.00300 |  0.00300 |

MIN: 0
MAX: 1
CMP: 1000

TIM SORT table
| starting array  |    10000 |    15000 |    20000 |    25000 |    30000 |    35000 |    40000 |    45000 |    50000 |
|-----------------+----------+----------+----------+----------+----------+----------+----------+----------+----------|
| random          |  0.11800 |  0.17600 |  0.23700 |  0.29900 |  0.35200 |  0.41300 |  0.47300 |  0.53100 |  0.63800 |
| ordered         |  0.02500 |  0.03700 |  0.04900 |  0.06200 |  0.07200 |  0.08500 |  0.09700 |  0.11000 |  0.12100 |
| reversed        |  0.02400 |  0.03600 |  0.04800 |  0.06100 |  0.07300 |  0.08500 |  0.09700 |  0.10900 |  0.14000 |
| almost ordered  |  0.02500 |  0.03800 |  0.07100 |  0.06200 |  0.07400 |  0.08500 |  0.09700 |  0.10800 |  0.12100 |
| almost reversed |  0.02400 |  0.03600 |  0.04900 |  0.06100 |  0.07300 |  0.08500 |  0.09900 |  0.11500 |  0.12100 |

QUICK SORT table
| starting array  |    10000 |    15000 |    20000 |    25000 |    30000 |    35000 |    40000 |    45000 |    50000 |
|-----------------+----------+----------+----------+----------+----------+----------+----------+----------+----------|
| random          |  0.43700 |  0.67900 |  0.89800 |  1.12200 |  1.29900 |  1.69900 |  1.80800 |  2.03900 |  2.36300 |
| ordered         |  0.41800 |  0.58500 |  0.89000 |  1.10600 |  1.28000 |  1.70600 |  1.87600 |  2.09100 |  2.27300 |
| reversed        |  0.42600 |  0.58400 |  0.88400 |  1.07900 |  1.24400 |  1.70700 |  1.86300 |  2.04500 |  2.28200 |
| almost ordered  |  0.41900 |  0.58400 |  0.88300 |  1.07800 |  1.24700 |  1.70000 |  1.86300 |  2.04500 |  2.27800 |
| almost reversed |  0.41800 |  0.59100 |  0.88400 |  1.07800 |  1.24100 |  1.70200 |  1.86800 |  2.04100 |  2.28300 |

BUCKET SORT table
| starting array  |    10000 |    15000 |    20000 |    25000 |    30000 |    35000 |    40000 |    45000 |    50000 |
|-----------------+----------+----------+----------+----------+----------+----------+----------+----------+----------|
| random          |  0.00100 |  0.00100 |  0.00100 |  0.00200 |  0.00200 |  0.00300 |  0.00300 |  0.00400 |  0.00400 |
| ordered         |  0.00100 |  0.00200 |  0.00200 |  0.00200 |  0.00300 |  0.00200 |  0.00400 |  0.00300 |  0.00400 |
| reversed        |  0.00100 |  0.00100 |  0.00200 |  0.00200 |  0.00200 |  0.00300 |  0.00300 |  0.00300 |  0.00300 |
| almost ordered  |  0.00100 |  0.00200 |  0.00200 |  0.00200 |  0.00300 |  0.00300 |  0.00400 |  0.00400 |  0.00400 |
| almost reversed |  0.00100 |  0.00100 |  0.00100 |  0.00100 |  0.00200 |  0.00200 |  0.00300 |  0.00400 |  0.00400 |

MIN: 0
MAX: 1
CMP: 100

TIM SORT table
| starting array  |    10000 |    15000 |    20000 |    25000 |    30000 |    35000 |    40000 |    45000 |    50000 |
|-----------------+----------+----------+----------+----------+----------+----------+----------+----------+----------|
| random          |  0.01900 |  0.02800 |  0.03700 |  0.04600 |  0.05500 |  0.06300 |  0.07300 |  0.08200 |  0.09200 |
| ordered         |  0.00300 |  0.00500 |  0.00600 |  0.00800 |  0.00900 |  0.01100 |  0.01200 |  0.01400 |  0.01600 |
| reversed        |  0.00300 |  0.00500 |  0.00600 |  0.00800 |  0.00900 |  0.01200 |  0.01200 |  0.01400 |  0.01600 |
| almost ordered  |  0.00300 |  0.00500 |  0.00600 |  0.00800 |  0.01000 |  0.01100 |  0.01300 |  0.01400 |  0.01500 |
| almost reversed |  0.00300 |  0.00500 |  0.00600 |  0.00800 |  0.00900 |  0.01100 |  0.01300 |  0.01400 |  0.01600 |

QUICK SORT table
| starting array  |    10000 |    15000 |    20000 |    25000 |    30000 |    35000 |    40000 |    45000 |    50000 |
|-----------------+----------+----------+----------+----------+----------+----------+----------+----------+----------|
| random          |  0.04700 |  0.07400 |  0.09400 |  0.12500 |  0.15900 |  0.18100 |  0.20800 |  0.22500 |  0.27000 |
| ordered         |  0.04700 |  0.06500 |  0.09900 |  0.12300 |  0.14000 |  0.19200 |  0.21200 |  0.23000 |  0.25800 |
| reversed        |  0.04700 |  0.06600 |  0.10600 |  0.12200 |  0.13900 |  0.19400 |  0.21000 |  0.23100 |  0.25700 |
| almost ordered  |  0.04700 |  0.06600 |  0.10100 |  0.12200 |  0.14000 |  0.19100 |  0.21100 |  0.22900 |  0.25900 |
| almost reversed |  0.04700 |  0.06600 |  0.10000 |  0.12100 |  0.14100 |  0.19100 |  0.21000 |  0.23100 |  0.25600 |

BUCKET SORT table
| starting array  |    10000 |    15000 |    20000 |    25000 |    30000 |    35000 |    40000 |    45000 |    50000 |
|-----------------+----------+----------+----------+----------+----------+----------+----------+----------+----------|
| random          |  0.00100 |  0.00100 |  0.00200 |  0.00200 |  0.00200 |  0.00200 |  0.00300 |  0.00300 |  0.00400 |
| ordered         |  0.00000 |  0.00100 |  0.00100 |  0.00200 |  0.00200 |  0.00300 |  0.00300 |  0.00400 |  0.00400 |
| reversed        |  0.00000 |  0.00100 |  0.00200 |  0.00300 |  0.00300 |  0.00300 |  0.00300 |  0.00300 |  0.00400 |
| almost ordered  |  0.00100 |  0.00100 |  0.00100 |  0.00200 |  0.00200 |  0.00300 |  0.00300 |  0.00300 |  0.00300 |
| almost reversed |  0.00100 |  0.00100 |  0.00200 |  0.00200 |  0.00300 |  0.00300 |  0.00300 |  0.00300 |  0.00400 |

MIN: 0
MAX: 1
CMP: 10

TIM SORT table
| starting array  |    10000 |    15000 |    20000 |    25000 |    30000 |    35000 |    40000 |    45000 |    50000 |
|-----------------+----------+----------+----------+----------+----------+----------+----------+----------+----------|
| random          |  0.00800 |  0.01200 |  0.01600 |  0.02100 |  0.02500 |  0.02700 |  0.03200 |  0.03600 |  0.04000 |
| ordered         |  0.00100 |  0.00100 |  0.00200 |  0.00200 |  0.00300 |  0.00300 |  0.00300 |  0.00400 |  0.00400 |
| reversed        |  0.00000 |  0.00100 |  0.00200 |  0.00200 |  0.00300 |  0.00300 |  0.00300 |  0.00300 |  0.00400 |
| almost ordered  |  0.00100 |  0.00100 |  0.00200 |  0.00200 |  0.00200 |  0.00200 |  0.00400 |  0.00300 |  0.00400 |
| almost reversed |  0.00100 |  0.00100 |  0.00200 |  0.00200 |  0.00200 |  0.00300 |  0.00400 |  0.00300 |  0.00400 |

QUICK SORT table
| starting array  |    10000 |    15000 |    20000 |    25000 |    30000 |    35000 |    40000 |    45000 |    50000 |
|-----------------+----------+----------+----------+----------+----------+----------+----------+----------+----------|
| random          |  0.00800 |  0.01200 |  0.01600 |  0.02100 |  0.02700 |  0.03000 |  0.03300 |  0.03800 |  0.04600 |
| ordered         |  0.00800 |  0.01100 |  0.01700 |  0.02100 |  0.02400 |  0.03900 |  0.03500 |  0.03900 |  0.04300 |
| reversed        |  0.00800 |  0.01100 |  0.01700 |  0.02000 |  0.02300 |  0.03200 |  0.03500 |  0.03800 |  0.04200 |
| almost ordered  |  0.00800 |  0.01100 |  0.01700 |  0.02000 |  0.02300 |  0.03200 |  0.03600 |  0.03800 |  0.04300 |
| almost reversed |  0.00800 |  0.01100 |  0.01700 |  0.02000 |  0.02300 |  0.03300 |  0.03500 |  0.03900 |  0.04200 |

BUCKET SORT table
| starting array  |    10000 |    15000 |    20000 |    25000 |    30000 |    35000 |    40000 |    45000 |    50000 |
|-----------------+----------+----------+----------+----------+----------+----------+----------+----------+----------|
| random          |  0.00100 |  0.00100 |  0.00200 |  0.00200 |  0.00200 |  0.00200 |  0.00300 |  0.00300 |  0.00300 |
| ordered         |  0.00100 |  0.00100 |  0.00100 |  0.00200 |  0.00200 |  0.00300 |  0.00300 |  0.00400 |  0.00400 |
| reversed        |  0.00100 |  0.00100 |  0.00200 |  0.00200 |  0.00200 |  0.00300 |  0.00300 |  0.00400 |  0.00400 |
| almost ordered  |  0.00100 |  0.00100 |  0.00100 |  0.00200 |  0.00200 |  0.00300 |  0.00300 |  0.00300 |  0.00400 |
| almost reversed |  0.00000 |  0.00100 |  0.00200 |  0.00200 |  0.00200 |  0.00200 |  0.00300 |  0.00400 |  0.00400 |

** Negative
MIN: -1000
MAX: 1000
CMP: 0

TIM SORT table
| starting array  |    10000 |    15000 |    20000 |    25000 |    30000 |    35000 |    40000 |    45000 |    50000 |
|-----------------+----------+----------+----------+----------+----------+----------+----------+----------+----------|
| random          |  0.01600 |  0.02400 |  0.03200 |  0.04100 |  0.17900 |  0.12600 |  0.08300 |  0.08600 |  0.10000 |
| ordered         |  0.00100 |  0.00100 |  0.00100 |  0.00200 |  0.00200 |  0.00200 |  0.00200 |  0.00300 |  0.00300 |
| reversed        |  0.00000 |  0.00000 |  0.00100 |  0.00200 |  0.00100 |  0.00200 |  0.00300 |  0.00300 |  0.00300 |
| almost ordered  |  0.00100 |  0.00100 |  0.00100 |  0.00200 |  0.00200 |  0.00300 |  0.00300 |  0.00300 |  0.00300 |
| almost reversed |  0.00100 |  0.00100 |  0.00100 |  0.00200 |  0.00200 |  0.00300 |  0.00300 |  0.00300 |  0.00300 |

QUICK SORT table
| starting array  |    10000 |    15000 |    20000 |    25000 |    30000 |    35000 |    40000 |    45000 |    50000 |
|-----------------+----------+----------+----------+----------+----------+----------+----------+----------+----------|
| random          |  0.00300 |  0.00600 |  0.00900 |  0.01100 |  0.01300 |  0.01600 |  0.01900 |  0.02200 |  0.02700 |
| ordered         |  0.00500 |  0.00500 |  0.01000 |  0.01100 |  0.01400 |  0.02600 |  0.02000 |  0.02400 |  0.02300 |
| reversed        |  0.00400 |  0.00600 |  0.00900 |  0.01000 |  0.01100 |  0.01700 |  0.01700 |  0.02000 |  0.02300 |
| almost ordered  |  0.00400 |  0.00600 |  0.00800 |  0.01200 |  0.01200 |  0.01700 |  0.01900 |  0.02000 |  0.02200 |
| almost reversed |  0.00400 |  0.00500 |  0.00800 |  0.01100 |  0.01200 |  0.01800 |  0.01700 |  0.01900 |  0.02000 |

INSERTION SORT table
| starting array  |    10000 |    15000 |    20000 |    25000 |    30000 |    35000 |    40000 |    45000 |    50000 |
|-----------------+----------+----------+----------+----------+----------+----------+----------+----------+----------|
| random          |  0.98900 |  2.85000 |  4.59000 |  5.92500 |  7.63900 | 10.59700 | 12.96200 | 14.87100 | 17.31700 |
| ordered         |  0.00000 |  0.00000 |  0.00000 |  0.00000 |  0.00100 |  0.00000 |  0.00100 |  0.00100 |  0.00000 |
| reversed        |  0.00000 |  0.00100 |  0.00100 |  0.00100 |  0.00000 |  0.00100 |  0.00100 |  0.00100 |  0.00100 |
| almost ordered  |  0.00000 |  0.00000 |  0.00100 |  0.00000 |  0.00100 |  0.00100 |  0.00100 |  0.00100 |  0.00100 |
| almost reversed |  0.00000 |  0.00000 |  0.00000 |  0.00100 |  0.00100 |  0.00100 |  0.00100 |  0.00100 |  0.00000 |

COCKTAIL SORT table
| starting array  |    10000 |    15000 |    20000 |    25000 |    30000 |    35000 |    40000 |    45000 |    50000 |
|-----------------+----------+----------+----------+----------+----------+----------+----------+----------+----------|
| random          |  0.96400 |  2.18500 |  3.87300 |  6.00100 |  8.60500 | 11.75900 | 19.46300 | 22.19800 | 26.04200 |
| ordered         |  0.00000 |  0.00000 |  0.00100 |  0.00100 |  0.00100 |  0.00200 |  0.00100 |  0.00200 |  0.00200 |
| reversed        |  0.00000 |  0.00100 |  0.00000 |  0.00100 |  0.00100 |  0.00100 |  0.00100 |  0.00100 |  0.00100 |
| almost ordered  |  0.00000 |  0.00100 |  0.00000 |  0.00100 |  0.00100 |  0.00100 |  0.00100 |  0.00300 |  0.00100 |
| almost reversed |  0.00000 |  0.00100 |  0.00100 |  0.00100 |  0.00100 |  0.00200 |  0.00200 |  0.00100 |  0.00300 |

BUCKET SORT table
| starting array  |    10000 |    15000 |    20000 |    25000 |    30000 |    35000 |    40000 |    45000 |    50000 |
|-----------------+----------+----------+----------+----------+----------+----------+----------+----------+----------|
| random          |  0.00800 |  0.00800 |  0.01000 |  0.01000 |  0.01200 |  0.01200 |  0.01300 |  0.01400 |  0.01600 |
| ordered         |  0.00100 |  0.00200 |  0.00300 |  0.00300 |  0.00300 |  0.00400 |  0.00400 |  0.00500 |  0.00500 |
| reversed        |  0.00200 |  0.00200 |  0.00300 |  0.00300 |  0.00300 |  0.00400 |  0.00400 |  0.00500 |  0.00400 |
| almost ordered  |  0.00100 |  0.00200 |  0.00200 |  0.00300 |  0.00300 |  0.00300 |  0.00400 |  0.00400 |  0.00500 |
| almost reversed |  0.00100 |  0.00200 |  0.00200 |  0.00300 |  0.00300 |  0.00400 |  0.00400 |  0.00400 |  0.00500 |

MIN: -1000
MAX: 1000
CMP: 1000

TIM SORT table
| starting array  |    10000 |    15000 |    20000 |    25000 |    30000 |    35000 |    40000 |    45000 |    50000 |
|-----------------+----------+----------+----------+----------+----------+----------+----------+----------+----------|
| random          |  0.33200 |  0.54100 |  0.75700 |  1.12200 |  1.22800 |  1.24200 |  1.43600 |  1.60400 |  1.81300 |
| ordered         |  0.02500 |  0.03600 |  0.04900 |  0.06000 |  0.07200 |  0.08400 |  0.09800 |  0.10900 |  0.12300 |
| reversed        |  0.02500 |  0.03600 |  0.05000 |  0.06000 |  0.07200 |  0.08400 |  0.10300 |  0.10800 |  0.12200 |
| almost ordered  |  0.02500 |  0.03700 |  0.04900 |  0.06000 |  0.07400 |  0.08400 |  0.09600 |  0.10800 |  0.12000 |
| almost reversed |  0.02400 |  0.03600 |  0.05000 |  0.06000 |  0.07400 |  0.08600 |  0.09600 |  0.10900 |  0.12000 |

QUICK SORT table
| starting array  |    10000 |    15000 |    20000 |    25000 |    30000 |    35000 |    40000 |    45000 |    50000 |
|-----------------+----------+----------+----------+----------+----------+----------+----------+----------+----------|
| random          |  0.49300 |  0.77900 |  1.00600 |  1.26600 |  1.51900 |  1.81300 |  2.07000 |  2.34400 |  2.77200 |
| ordered         |  0.42100 |  0.59000 |  0.91000 |  1.11100 |  1.24700 |  1.71000 |  1.90800 |  2.09300 |  2.28500 |
| reversed        |  0.42000 |  0.58400 |  0.88500 |  1.08400 |  1.24500 |  1.74300 |  1.91000 |  2.04400 |  2.28500 |
| almost ordered  |  0.42200 |  0.58600 |  0.88800 |  1.07800 |  1.27200 |  1.73200 |  1.89900 |  2.10000 |  2.30900 |
| almost reversed |  0.41900 |  0.58600 |  0.91200 |  1.08500 |  1.24500 |  1.71500 |  1.96300 |  2.08800 |  2.35300 |

BUCKET SORT table
| starting array  |    10000 |    15000 |    20000 |    25000 |    30000 |    35000 |    40000 |    45000 |    50000 |
|-----------------+----------+----------+----------+----------+----------+----------+----------+----------+----------|
| random          |  0.00700 |  0.00700 |  0.00900 |  0.01100 |  0.01100 |  0.01300 |  0.01300 |  0.01400 |  0.01500 |
| ordered         |  0.00200 |  0.00200 |  0.00200 |  0.00300 |  0.00400 |  0.00300 |  0.00400 |  0.00500 |  0.00500 |
| reversed        |  0.00200 |  0.00200 |  0.00200 |  0.00200 |  0.00300 |  0.00300 |  0.00300 |  0.00400 |  0.00500 |
| almost ordered  |  0.00200 |  0.00200 |  0.00200 |  0.00200 |  0.00400 |  0.00400 |  0.00400 |  0.00400 |  0.00400 |
| almost reversed |  0.00100 |  0.00200 |  0.00200 |  0.00200 |  0.00300 |  0.00300 |  0.00400 |  0.00500 |  0.00500 |

MIN: -1000
MAX: 1000
CMP: 100

TIM SORT table
| starting array  |    10000 |    15000 |    20000 |    25000 |    30000 |    35000 |    40000 |    45000 |    50000 |
|-----------------+----------+----------+----------+----------+----------+----------+----------+----------+----------|
| random          |  0.04700 |  0.07500 |  0.10100 |  0.12900 |  0.15800 |  0.18600 |  0.21200 |  0.24800 |  0.28200 |
| ordered         |  0.00300 |  0.00500 |  0.00700 |  0.00700 |  0.00900 |  0.01100 |  0.01200 |  0.01400 |  0.01600 |
| reversed        |  0.00400 |  0.00400 |  0.00600 |  0.00800 |  0.01000 |  0.01100 |  0.01300 |  0.01400 |  0.01600 |
| almost ordered  |  0.00300 |  0.00500 |  0.00700 |  0.00800 |  0.00900 |  0.01100 |  0.01200 |  0.01400 |  0.01500 |
| almost reversed |  0.00400 |  0.00500 |  0.00700 |  0.00800 |  0.00900 |  0.01100 |  0.01200 |  0.01400 |  0.01500 |

QUICK SORT table
| starting array  |    10000 |    15000 |    20000 |    25000 |    30000 |    35000 |    40000 |    45000 |    50000 |
|-----------------+----------+----------+----------+----------+----------+----------+----------+----------+----------|
| random          |  0.05000 |  0.08800 |  0.13000 |  0.14600 |  0.18100 |  0.21600 |  0.24100 |  0.29300 |  0.35700 |
| ordered         |  0.05400 |  0.07200 |  0.11200 |  0.13300 |  0.15600 |  0.21400 |  0.23500 |  0.26600 |  0.28400 |
| reversed        |  0.05400 |  0.07300 |  0.10400 |  0.13100 |  0.15200 |  0.21500 |  0.23600 |  0.26500 |  0.28200 |
| almost ordered  |  0.05100 |  0.06900 |  0.10400 |  0.12600 |  0.14400 |  0.26400 |  0.23400 |  0.26400 |  0.27100 |
| almost reversed |  0.04900 |  0.07200 |  0.11100 |  0.14000 |  0.15700 |  0.21800 |  0.23300 |  0.25400 |  0.29300 |

BUCKET SORT table
| starting array  |    10000 |    15000 |    20000 |    25000 |    30000 |    35000 |    40000 |    45000 |    50000 |
|-----------------+----------+----------+----------+----------+----------+----------+----------+----------+----------|
| random          |  0.01200 |  0.01100 |  0.01300 |  0.01400 |  0.01400 |  0.01500 |  0.01500 |  0.01600 |  0.01800 |
| ordered         |  0.00200 |  0.00200 |  0.00200 |  0.00700 |  0.00400 |  0.00400 |  0.00400 |  0.00400 |  0.00500 |
| reversed        |  0.00200 |  0.00300 |  0.00300 |  0.00300 |  0.00400 |  0.00500 |  0.00400 |  0.00500 |  0.00800 |
| almost ordered  |  0.00200 |  0.00200 |  0.00300 |  0.00200 |  0.00300 |  0.00400 |  0.00700 |  0.00500 |  0.00500 |
| almost reversed |  0.00200 |  0.00300 |  0.00300 |  0.00300 |  0.00300 |  0.00400 |  0.00500 |  0.00500 |  0.00500 |

MIN: -1000
MAX: 1000
CMP: 10

TIM SORT table
| starting array  |    10000 |    15000 |    20000 |    25000 |    30000 |    35000 |    40000 |    45000 |    50000 |
|-----------------+----------+----------+----------+----------+----------+----------+----------+----------+----------|
| random          |  0.01900 |  0.02900 |  0.04000 |  0.05400 |  0.06800 |  0.07500 |  0.08800 |  0.09700 |  0.10900 |
| ordered         |  0.00100 |  0.00200 |  0.00200 |  0.00200 |  0.00300 |  0.00300 |  0.00400 |  0.00400 |  0.00400 |
| reversed        |  0.00100 |  0.00200 |  0.00200 |  0.00300 |  0.00300 |  0.00300 |  0.00300 |  0.00400 |  0.00500 |
| almost ordered  |  0.00100 |  0.00200 |  0.00200 |  0.00200 |  0.00300 |  0.00300 |  0.00400 |  0.00400 |  0.00400 |
| almost reversed |  0.00100 |  0.00100 |  0.00100 |  0.00200 |  0.00200 |  0.00300 |  0.00300 |  0.00400 |  0.00500 |

QUICK SORT table
| starting array  |    10000 |    15000 |    20000 |    25000 |    30000 |    35000 |    40000 |    45000 |    50000 |
|-----------------+----------+----------+----------+----------+----------+----------+----------+----------+----------|
| random          |  0.00800 |  0.01400 |  0.01900 |  0.02400 |  0.02800 |  0.03500 |  0.04100 |  0.04400 |  0.04900 |
| ordered         |  0.00800 |  0.01100 |  0.01700 |  0.02100 |  0.02300 |  0.03200 |  0.03600 |  0.03900 |  0.04500 |
| reversed        |  0.00800 |  0.01100 |  0.01800 |  0.02000 |  0.02300 |  0.03300 |  0.03500 |  0.04300 |  0.04200 |
| almost ordered  |  0.01000 |  0.01100 |  0.01700 |  0.02200 |  0.02500 |  0.03300 |  0.03800 |  0.04100 |  0.04400 |
| almost reversed |  0.00800 |  0.01100 |  0.01700 |  0.02100 |  0.02300 |  0.03200 |  0.03700 |  0.03900 |  0.04500 |

BUCKET SORT table
| starting array  |    10000 |    15000 |    20000 |    25000 |    30000 |    35000 |    40000 |    45000 |    50000 |
|-----------------+----------+----------+----------+----------+----------+----------+----------+----------+----------|
| random          |  0.00800 |  0.00800 |  0.01000 |  0.01000 |  0.01100 |  0.01300 |  0.01500 |  0.01500 |  0.01400 |
| ordered         |  0.00100 |  0.00100 |  0.00200 |  0.00300 |  0.00200 |  0.00400 |  0.00400 |  0.00400 |  0.00400 |
| reversed        |  0.00100 |  0.00100 |  0.00200 |  0.00300 |  0.00300 |  0.00300 |  0.00400 |  0.00500 |  0.00500 |
| almost ordered  |  0.00200 |  0.00200 |  0.00200 |  0.00400 |  0.00400 |  0.00700 |  0.00600 |  0.00400 |  0.00600 |
| almost reversed |  0.00100 |  0.00200 |  0.00200 |  0.00300 |  0.00300 |  0.00300 |  0.00400 |  0.00400 |  0.00500 |

** Wide
MIN: 0
MAX: 100000
CMP: 0

TIM SORT table
| starting array  |    10000 |    15000 |    20000 |    25000 |    30000 |    35000 |    40000 |    45000 |    50000 |
|-----------------+----------+----------+----------+----------+----------+----------+----------+----------+----------|
| random          |  0.01500 |  0.02400 |  0.03200 |  0.04100 |  0.05000 |  0.05900 |  0.06800 |  0.07600 |  0.08600 |
| ordered         |  0.00100 |  0.00100 |  0.00200 |  0.00200 |  0.00200 |  0.00300 |  0.00200 |  0.00200 |  0.00300 |
| reversed        |  0.00100 |  0.00100 |  0.00100 |  0.00200 |  0.00200 |  0.00300 |  0.00300 |  0.00400 |  0.00400 |
| almost ordered  |  0.00800 |  0.01400 |  0.01900 |  0.02400 |  0.02900 |  0.03400 |  0.03900 |  0.04300 |  0.04900 |
| almost reversed |  0.01100 |  0.02000 |  0.02400 |  0.03100 |  0.04100 |  0.04300 |  0.05000 |  0.05600 |  0.06500 |

QUICK SORT table
| starting array  |    10000 |    15000 |    20000 |    25000 |    30000 |    35000 |    40000 |    45000 |    50000 |
|-----------------+----------+----------+----------+----------+----------+----------+----------+----------+----------|
| random          |  0.00300 |  0.00600 |  0.00800 |  0.01000 |  0.01200 |  0.01400 |  0.01700 |  0.01900 |  0.02200 |
| ordered         |  0.00200 |  0.00300 |  0.00400 |  0.00600 |  0.00700 |  0.00800 |  0.00900 |  0.01100 |  0.01200 |
| reversed        |  0.00200 |  0.00300 |  0.00400 |  0.00600 |  0.00700 |  0.00800 |  0.00900 |  0.01100 |  0.01200 |
| almost ordered  |  0.00200 |  0.00300 |  0.00500 |  0.00600 |  0.00800 |  0.00900 |  0.01000 |  0.01200 |  0.01300 |
| almost reversed |  0.00400 |  0.00500 |  0.00600 |  0.00900 |  0.01000 |  0.01100 |  0.01400 |  0.01600 |  0.01700 |

INSERTION SORT table
| starting array  |    10000 |    15000 |    20000 |    25000 |    30000 |    35000 |    40000 |    45000 |    50000 |
|-----------------+----------+----------+----------+----------+----------+----------+----------+----------+----------|
| random          |  0.68100 |  1.55000 |  2.73000 |  4.31100 |  6.17000 |  8.48600 | 10.93900 | 13.94800 | 17.08300 |
| ordered         |  0.00000 |  0.00000 |  0.00000 |  0.00100 |  0.00100 |  0.00000 |  0.00000 |  0.00100 |  0.00100 |
| reversed        |  1.37400 |  3.07400 |  5.47400 |  8.56000 | 12.31800 | 16.77600 | 21.92800 | 27.72500 | 34.31100 |
| almost ordered  |  0.16700 |  0.36200 |  0.63500 |  0.97400 |  1.40500 |  1.91300 |  2.45800 |  3.12000 |  3.80900 |
| almost reversed |  1.20700 |  2.72500 |  4.85500 |  7.57300 | 10.91300 | 14.88100 | 19.39700 | 24.63000 | 30.67900 |

COCKTAIL SORT table
| starting array  |    10000 |    15000 |    20000 |    25000 |    30000 |    35000 |    40000 |    45000 |    50000 |
|-----------------+----------+----------+----------+----------+----------+----------+----------+----------+----------|
| random          |  0.97200 |  2.59500 |  3.84900 |  6.04200 |  8.68900 | 11.80900 | 15.46200 | 19.56200 | 24.00600 |
| ordered         |  0.00000 |  0.00000 |  0.00100 |  0.00100 |  0.00100 |  0.00100 |  0.00200 |  0.00200 |  0.00200 |
| reversed        |  1.40400 |  3.16200 |  5.62700 |  8.79000 | 12.66800 | 17.23100 | 22.50500 | 28.57600 | 35.19500 |
| almost ordered  |  0.21900 |  0.48800 |  0.84200 |  1.32000 |  1.90700 |  2.64000 |  3.42000 |  4.25300 |  5.11600 |
| almost reversed |  1.35000 |  3.03300 |  5.39200 |  8.57400 | 12.11600 | 16.46400 | 21.52600 | 27.24100 | 33.74200 |

BUCKET SORT table
| starting array  |    10000 |    15000 |    20000 |    25000 |    30000 |    35000 |    40000 |    45000 |    50000 |
|-----------------+----------+----------+----------+----------+----------+----------+----------+----------+----------|
| random          |  0.04100 |  0.04500 |  0.05000 |  0.05500 |  0.06000 |  0.06700 |  0.07200 |  0.07700 |  0.08000 |
| ordered         |  0.03900 |  0.04300 |  0.04600 |  0.05000 |  0.05400 |  0.05700 |  0.06100 |  0.06500 |  0.07000 |
| reversed        |  0.03900 |  0.04300 |  0.04600 |  0.05000 |  0.05300 |  0.05800 |  0.06000 |  0.06500 |  0.06900 |
| almost ordered  |  0.03900 |  0.04300 |  0.04900 |  0.05200 |  0.05500 |  0.05900 |  0.06300 |  0.06700 |  0.07300 |
| almost reversed |  0.03900 |  0.04400 |  0.04800 |  0.05200 |  0.05600 |  0.06100 |  0.06400 |  0.06700 |  0.07500 |

MIN: 0
MAX: 100000
CMP: 1000

TIM SORT table
| starting array  |    10000 |    15000 |    20000 |    25000 |    30000 |    35000 |    40000 |    45000 |    50000 |
|-----------------+----------+----------+----------+----------+----------+----------+----------+----------+----------|
| random          |  0.30500 |  0.47700 |  0.66000 |  0.84200 |  1.02500 |  1.23000 |  1.42500 |  1.61100 |  1.80700 |
| ordered         |  0.02400 |  0.03600 |  0.04800 |  0.06200 |  0.07300 |  0.08400 |  0.09900 |  0.10800 |  0.12100 |
| reversed        |  0.02500 |  0.03700 |  0.04900 |  0.06200 |  0.07300 |  0.08600 |  0.09700 |  0.11000 |  0.12300 |
| almost ordered  |  0.17500 |  0.27700 |  0.35800 |  0.46100 |  0.57300 |  0.63500 |  0.73200 |  0.83400 |  0.93200 |
| almost reversed |  0.18200 |  0.28800 |  0.37600 |  0.48600 |  0.59600 |  0.66900 |  0.76700 |  0.87200 |  0.97800 |

QUICK SORT table
| starting array  |    10000 |    15000 |    20000 |    25000 |    30000 |    35000 |    40000 |    45000 |    50000 |
|-----------------+----------+----------+----------+----------+----------+----------+----------+----------+----------|
| random          |  0.48200 |  0.75900 |  1.09500 |  1.27800 |  1.52800 |  1.82300 |  2.18700 |  2.85600 |  2.71000 |
| ordered         |  0.31500 |  0.49400 |  0.67900 |  0.86800 |  1.05900 |  1.26000 |  1.45300 |  1.65200 |  1.85900 |
| reversed        |  0.31700 |  0.49300 |  0.67800 |  0.86800 |  1.05600 |  1.26000 |  1.45300 |  1.65600 |  1.85500 |
| almost ordered  |  0.33600 |  0.51600 |  0.72200 |  0.90600 |  1.10000 |  1.30400 |  1.49900 |  1.71600 |  1.93400 |
| almost reversed |  0.41600 |  0.64000 |  0.95800 |  1.10300 |  1.37500 |  1.62200 |  1.84400 |  2.06900 |  2.34800 |

BUCKET SORT table
| starting array  |    10000 |    15000 |    20000 |    25000 |    30000 |    35000 |    40000 |    45000 |    50000 |
|-----------------+----------+----------+----------+----------+----------+----------+----------+----------+----------|
| random          |  0.04100 |  0.04500 |  0.05100 |  0.05800 |  0.06000 |  0.06500 |  0.06900 |  0.07400 |  0.07900 |
| ordered         |  0.03800 |  0.04300 |  0.04600 |  0.05000 |  0.05400 |  0.05700 |  0.06200 |  0.06500 |  0.07000 |
| reversed        |  0.03900 |  0.04200 |  0.04600 |  0.04900 |  0.05500 |  0.05700 |  0.06100 |  0.06400 |  0.06800 |
| almost ordered  |  0.03900 |  0.04300 |  0.04700 |  0.05200 |  0.05600 |  0.06000 |  0.06300 |  0.06800 |  0.07200 |
| almost reversed |  0.04000 |  0.04400 |  0.04800 |  0.05200 |  0.05400 |  0.06700 |  0.06400 |  0.06800 |  0.07300 |

MIN: 0
MAX: 100000
CMP: 100

TIM SORT table
| starting array  |    10000 |    15000 |    20000 |    25000 |    30000 |    35000 |    40000 |    45000 |    50000 |
|-----------------+----------+----------+----------+----------+----------+----------+----------+----------+----------|
| random          |  0.04600 |  0.07100 |  0.09800 |  0.12500 |  0.15200 |  0.18400 |  0.20900 |  0.23800 |  0.26900 |
| ordered         |  0.00300 |  0.00400 |  0.00600 |  0.00800 |  0.00900 |  0.01100 |  0.01300 |  0.01400 |  0.01500 |
| reversed        |  0.00300 |  0.00600 |  0.00700 |  0.00800 |  0.01000 |  0.01200 |  0.01400 |  0.01500 |  0.01700 |
| almost ordered  |  0.02700 |  0.04200 |  0.05400 |  0.07000 |  0.08500 |  0.10300 |  0.11300 |  0.12800 |  0.14100 |
| almost reversed |  0.03000 |  0.04800 |  0.06100 |  0.08000 |  0.10000 |  0.10800 |  0.12400 |  0.14300 |  0.16400 |

QUICK SORT table
| starting array  |    10000 |    15000 |    20000 |    25000 |    30000 |    35000 |    40000 |    45000 |    50000 |
|-----------------+----------+----------+----------+----------+----------+----------+----------+----------+----------|
| random          |  0.05300 |  0.08300 |  0.10700 |  0.14500 |  0.17000 |  0.20100 |  0.23800 |  0.27100 |  0.30400 |
| ordered         |  0.03500 |  0.05400 |  0.07400 |  0.09500 |  0.11600 |  0.13900 |  0.16000 |  0.18100 |  0.20400 |
| reversed        |  0.03500 |  0.05400 |  0.07600 |  0.09600 |  0.11600 |  0.13900 |  0.15900 |  0.18300 |  0.21000 |
| almost ordered  |  0.03600 |  0.05700 |  0.07700 |  0.09900 |  0.12000 |  0.14500 |  0.16500 |  0.18800 |  0.21100 |
| almost reversed |  0.04700 |  0.07000 |  0.09600 |  0.12100 |  0.15200 |  0.17600 |  0.20700 |  0.23300 |  0.26000 |

BUCKET SORT table
| starting array  |    10000 |    15000 |    20000 |    25000 |    30000 |    35000 |    40000 |    45000 |    50000 |
|-----------------+----------+----------+----------+----------+----------+----------+----------+----------+----------|
| random          |  0.04100 |  0.04800 |  0.05100 |  0.05500 |  0.06000 |  0.06500 |  0.07000 |  0.07600 |  0.07900 |
| ordered         |  0.03900 |  0.04300 |  0.04700 |  0.05000 |  0.05400 |  0.05700 |  0.06100 |  0.06500 |  0.06900 |
| reversed        |  0.03800 |  0.04600 |  0.04600 |  0.05000 |  0.05300 |  0.05700 |  0.08500 |  0.06500 |  0.06900 |
| almost ordered  |  0.03900 |  0.04500 |  0.04800 |  0.05200 |  0.05500 |  0.06000 |  0.06400 |  0.06700 |  0.07200 |
| almost reversed |  0.04000 |  0.04400 |  0.05000 |  0.05100 |  0.05600 |  0.06000 |  0.06500 |  0.07200 |  0.07200 |

MIN: 0
MAX: 100000
CMP: 10

TIM SORT table
| starting array  |    10000 |    15000 |    20000 |    25000 |    30000 |    35000 |    40000 |    45000 |    50000 |
|-----------------+----------+----------+----------+----------+----------+----------+----------+----------+----------|
| random          |  0.01900 |  0.02900 |  0.04000 |  0.05000 |  0.06100 |  0.07100 |  0.08200 |  0.09400 |  0.10700 |
| ordered         |  0.00100 |  0.00100 |  0.00200 |  0.00200 |  0.00300 |  0.00300 |  0.00300 |  0.00400 |  0.00400 |
| reversed        |  0.00100 |  0.00200 |  0.00200 |  0.00300 |  0.00300 |  0.00400 |  0.00400 |  0.00400 |  0.00600 |
| almost ordered  |  0.01100 |  0.01700 |  0.02300 |  0.02900 |  0.03600 |  0.04100 |  0.04700 |  0.05400 |  0.06100 |
| almost reversed |  0.01400 |  0.02300 |  0.02800 |  0.03700 |  0.04700 |  0.05000 |  0.05700 |  0.06800 |  0.07700 |

QUICK SORT table
| starting array  |    10000 |    15000 |    20000 |    25000 |    30000 |    35000 |    40000 |    45000 |    50000 |
|-----------------+----------+----------+----------+----------+----------+----------+----------+----------+----------|
| random          |  0.00900 |  0.01300 |  0.01800 |  0.02300 |  0.02800 |  0.03400 |  0.03800 |  0.04400 |  0.05000 |
| ordered         |  0.00500 |  0.00800 |  0.01100 |  0.01400 |  0.01700 |  0.02100 |  0.02400 |  0.02700 |  0.03000 |
| reversed        |  0.00500 |  0.00900 |  0.01200 |  0.01500 |  0.01700 |  0.02000 |  0.02400 |  0.02800 |  0.03000 |
| almost ordered  |  0.00500 |  0.00900 |  0.01200 |  0.01500 |  0.02400 |  0.02200 |  0.02500 |  0.02900 |  0.03200 |
| almost reversed |  0.00800 |  0.01200 |  0.01500 |  0.01900 |  0.02300 |  0.02800 |  0.03200 |  0.03700 |  0.04200 |

BUCKET SORT table
| starting array  |    10000 |    15000 |    20000 |    25000 |    30000 |    35000 |    40000 |    45000 |    50000 |
|-----------------+----------+----------+----------+----------+----------+----------+----------+----------+----------|
| random          |  0.04100 |  0.04500 |  0.05100 |  0.05700 |  0.06200 |  0.06500 |  0.07100 |  0.07500 |  0.08000 |
| ordered         |  0.03900 |  0.04200 |  0.04700 |  0.05000 |  0.05300 |  0.05700 |  0.06200 |  0.06400 |  0.06900 |
| reversed        |  0.03900 |  0.04300 |  0.04700 |  0.05100 |  0.05400 |  0.05700 |  0.06000 |  0.06500 |  0.06900 |
| almost ordered  |  0.04000 |  0.04400 |  0.04700 |  0.05100 |  0.05500 |  0.05900 |  0.06400 |  0.06600 |  0.07100 |
| almost reversed |  0.03900 |  0.04400 |  0.04700 |  0.05300 |  0.05700 |  0.06000 |  0.06400 |  0.06700 |  0.07300 |

