MIN: -1000
MAX: 1000
CMP: 100

TIM SORT table
| starting array  |    10000 |    15000 |    20000 |    25000 |    30000 |    35000 |    40000 |    45000 |    50000 |
|-----------------+----------+----------+----------+----------+----------+----------+----------+----------+----------|
| random          |  0.04700 |  0.07500 |  0.10100 |  0.12900 |  0.15800 |  0.18600 |  0.21200 |  0.24800 |  0.28200 |
| ordered         |  0.00300 |  0.00500 |  0.00700 |  0.00700 |  0.00900 |  0.01100 |  0.01200 |  0.01400 |  0.01600 |
| reversed        |  0.00400 |  0.00400 |  0.00600 |  0.00800 |  0.01000 |  0.01100 |  0.01300 |  0.01400 |  0.01600 |
| almost ordered  |  0.00300 |  0.00500 |  0.00700 |  0.00800 |  0.00900 |  0.01100 |  0.01200 |  0.01400 |  0.01500 |
| almost reversed |  0.00400 |  0.00500 |  0.00700 |  0.00800 |  0.00900 |  0.01100 |  0.01200 |  0.01400 |  0.01500 |

QUICK SORT table
| starting array  |    10000 |    15000 |    20000 |    25000 |    30000 |    35000 |    40000 |    45000 |    50000 |
|-----------------+----------+----------+----------+----------+----------+----------+----------+----------+----------|
| random          |  0.05000 |  0.08800 |  0.13000 |  0.14600 |  0.18100 |  0.21600 |  0.24100 |  0.29300 |  0.35700 |
| ordered         |  0.05400 |  0.07200 |  0.11200 |  0.13300 |  0.15600 |  0.21400 |  0.23500 |  0.26600 |  0.28400 |
| reversed        |  0.05400 |  0.07300 |  0.10400 |  0.13100 |  0.15200 |  0.21500 |  0.23600 |  0.26500 |  0.28200 |
| almost ordered  |  0.05100 |  0.06900 |  0.10400 |  0.12600 |  0.14400 |  0.26400 |  0.23400 |  0.26400 |  0.27100 |
| almost reversed |  0.04900 |  0.07200 |  0.11100 |  0.14000 |  0.15700 |  0.21800 |  0.23300 |  0.25400 |  0.29300 |

BUCKET SORT table
| starting array  |    10000 |    15000 |    20000 |    25000 |    30000 |    35000 |    40000 |    45000 |    50000 |
|-----------------+----------+----------+----------+----------+----------+----------+----------+----------+----------|
| random          |  0.01200 |  0.01100 |  0.01300 |  0.01400 |  0.01400 |  0.01500 |  0.01500 |  0.01600 |  0.01800 |
| ordered         |  0.00200 |  0.00200 |  0.00200 |  0.00700 |  0.00400 |  0.00400 |  0.00400 |  0.00400 |  0.00500 |
| reversed        |  0.00200 |  0.00300 |  0.00300 |  0.00300 |  0.00400 |  0.00500 |  0.00400 |  0.00500 |  0.00800 |
| almost ordered  |  0.00200 |  0.00200 |  0.00300 |  0.00200 |  0.00300 |  0.00400 |  0.00700 |  0.00500 |  0.00500 |
| almost reversed |  0.00200 |  0.00300 |  0.00300 |  0.00300 |  0.00300 |  0.00400 |  0.00500 |  0.00500 |  0.00500 |

