MIN: -1000
MAX: 1000
CMP: 1000

TIM SORT table
| starting array  |    10000 |    15000 |    20000 |    25000 |    30000 |    35000 |    40000 |    45000 |    50000 |
|-----------------+----------+----------+----------+----------+----------+----------+----------+----------+----------|
| random          |  0.33200 |  0.54100 |  0.75700 |  1.12200 |  1.22800 |  1.24200 |  1.43600 |  1.60400 |  1.81300 |
| ordered         |  0.02500 |  0.03600 |  0.04900 |  0.06000 |  0.07200 |  0.08400 |  0.09800 |  0.10900 |  0.12300 |
| reversed        |  0.02500 |  0.03600 |  0.05000 |  0.06000 |  0.07200 |  0.08400 |  0.10300 |  0.10800 |  0.12200 |
| almost ordered  |  0.02500 |  0.03700 |  0.04900 |  0.06000 |  0.07400 |  0.08400 |  0.09600 |  0.10800 |  0.12000 |
| almost reversed |  0.02400 |  0.03600 |  0.05000 |  0.06000 |  0.07400 |  0.08600 |  0.09600 |  0.10900 |  0.12000 |

QUICK SORT table
| starting array  |    10000 |    15000 |    20000 |    25000 |    30000 |    35000 |    40000 |    45000 |    50000 |
|-----------------+----------+----------+----------+----------+----------+----------+----------+----------+----------|
| random          |  0.49300 |  0.77900 |  1.00600 |  1.26600 |  1.51900 |  1.81300 |  2.07000 |  2.34400 |  2.77200 |
| ordered         |  0.42100 |  0.59000 |  0.91000 |  1.11100 |  1.24700 |  1.71000 |  1.90800 |  2.09300 |  2.28500 |
| reversed        |  0.42000 |  0.58400 |  0.88500 |  1.08400 |  1.24500 |  1.74300 |  1.91000 |  2.04400 |  2.28500 |
| almost ordered  |  0.42200 |  0.58600 |  0.88800 |  1.07800 |  1.27200 |  1.73200 |  1.89900 |  2.10000 |  2.30900 |
| almost reversed |  0.41900 |  0.58600 |  0.91200 |  1.08500 |  1.24500 |  1.71500 |  1.96300 |  2.08800 |  2.35300 |

BUCKET SORT table
| starting array  |    10000 |    15000 |    20000 |    25000 |    30000 |    35000 |    40000 |    45000 |    50000 |
|-----------------+----------+----------+----------+----------+----------+----------+----------+----------+----------|
| random          |  0.00700 |  0.00700 |  0.00900 |  0.01100 |  0.01100 |  0.01300 |  0.01300 |  0.01400 |  0.01500 |
| ordered         |  0.00200 |  0.00200 |  0.00200 |  0.00300 |  0.00400 |  0.00300 |  0.00400 |  0.00500 |  0.00500 |
| reversed        |  0.00200 |  0.00200 |  0.00200 |  0.00200 |  0.00300 |  0.00300 |  0.00300 |  0.00400 |  0.00500 |
| almost ordered  |  0.00200 |  0.00200 |  0.00200 |  0.00200 |  0.00400 |  0.00400 |  0.00400 |  0.00400 |  0.00400 |
| almost reversed |  0.00100 |  0.00200 |  0.00200 |  0.00200 |  0.00300 |  0.00300 |  0.00400 |  0.00500 |  0.00500 |

