MIN: -1000
MAX: 1000
CMP: 10

TIM SORT table
| starting array  |    10000 |    15000 |    20000 |    25000 |    30000 |    35000 |    40000 |    45000 |    50000 |
|-----------------+----------+----------+----------+----------+----------+----------+----------+----------+----------|
| random          |  0.01900 |  0.02900 |  0.04000 |  0.05400 |  0.06800 |  0.07500 |  0.08800 |  0.09700 |  0.10900 |
| ordered         |  0.00100 |  0.00200 |  0.00200 |  0.00200 |  0.00300 |  0.00300 |  0.00400 |  0.00400 |  0.00400 |
| reversed        |  0.00100 |  0.00200 |  0.00200 |  0.00300 |  0.00300 |  0.00300 |  0.00300 |  0.00400 |  0.00500 |
| almost ordered  |  0.00100 |  0.00200 |  0.00200 |  0.00200 |  0.00300 |  0.00300 |  0.00400 |  0.00400 |  0.00400 |
| almost reversed |  0.00100 |  0.00100 |  0.00100 |  0.00200 |  0.00200 |  0.00300 |  0.00300 |  0.00400 |  0.00500 |

QUICK SORT table
| starting array  |    10000 |    15000 |    20000 |    25000 |    30000 |    35000 |    40000 |    45000 |    50000 |
|-----------------+----------+----------+----------+----------+----------+----------+----------+----------+----------|
| random          |  0.00800 |  0.01400 |  0.01900 |  0.02400 |  0.02800 |  0.03500 |  0.04100 |  0.04400 |  0.04900 |
| ordered         |  0.00800 |  0.01100 |  0.01700 |  0.02100 |  0.02300 |  0.03200 |  0.03600 |  0.03900 |  0.04500 |
| reversed        |  0.00800 |  0.01100 |  0.01800 |  0.02000 |  0.02300 |  0.03300 |  0.03500 |  0.04300 |  0.04200 |
| almost ordered  |  0.01000 |  0.01100 |  0.01700 |  0.02200 |  0.02500 |  0.03300 |  0.03800 |  0.04100 |  0.04400 |
| almost reversed |  0.00800 |  0.01100 |  0.01700 |  0.02100 |  0.02300 |  0.03200 |  0.03700 |  0.03900 |  0.04500 |

BUCKET SORT table
| starting array  |    10000 |    15000 |    20000 |    25000 |    30000 |    35000 |    40000 |    45000 |    50000 |
|-----------------+----------+----------+----------+----------+----------+----------+----------+----------+----------|
| random          |  0.00800 |  0.00800 |  0.01000 |  0.01000 |  0.01100 |  0.01300 |  0.01500 |  0.01500 |  0.01400 |
| ordered         |  0.00100 |  0.00100 |  0.00200 |  0.00300 |  0.00200 |  0.00400 |  0.00400 |  0.00400 |  0.00400 |
| reversed        |  0.00100 |  0.00100 |  0.00200 |  0.00300 |  0.00300 |  0.00300 |  0.00400 |  0.00500 |  0.00500 |
| almost ordered  |  0.00200 |  0.00200 |  0.00200 |  0.00400 |  0.00400 |  0.00700 |  0.00600 |  0.00400 |  0.00600 |
| almost reversed |  0.00100 |  0.00200 |  0.00200 |  0.00300 |  0.00300 |  0.00300 |  0.00400 |  0.00400 |  0.00500 |

