MIN: -1000
MAX: 1000
CMP: 0

TIM SORT table
| starting array  |    10000 |    15000 |    20000 |    25000 |    30000 |    35000 |    40000 |    45000 |    50000 |
|-----------------+----------+----------+----------+----------+----------+----------+----------+----------+----------|
| random          |  0.01600 |  0.02400 |  0.03200 |  0.04100 |  0.17900 |  0.12600 |  0.08300 |  0.08600 |  0.10000 |
| ordered         |  0.00100 |  0.00100 |  0.00100 |  0.00200 |  0.00200 |  0.00200 |  0.00200 |  0.00300 |  0.00300 |
| reversed        |  0.00000 |  0.00000 |  0.00100 |  0.00200 |  0.00100 |  0.00200 |  0.00300 |  0.00300 |  0.00300 |
| almost ordered  |  0.00100 |  0.00100 |  0.00100 |  0.00200 |  0.00200 |  0.00300 |  0.00300 |  0.00300 |  0.00300 |
| almost reversed |  0.00100 |  0.00100 |  0.00100 |  0.00200 |  0.00200 |  0.00300 |  0.00300 |  0.00300 |  0.00300 |

QUICK SORT table
| starting array  |    10000 |    15000 |    20000 |    25000 |    30000 |    35000 |    40000 |    45000 |    50000 |
|-----------------+----------+----------+----------+----------+----------+----------+----------+----------+----------|
| random          |  0.00300 |  0.00600 |  0.00900 |  0.01100 |  0.01300 |  0.01600 |  0.01900 |  0.02200 |  0.02700 |
| ordered         |  0.00500 |  0.00500 |  0.01000 |  0.01100 |  0.01400 |  0.02600 |  0.02000 |  0.02400 |  0.02300 |
| reversed        |  0.00400 |  0.00600 |  0.00900 |  0.01000 |  0.01100 |  0.01700 |  0.01700 |  0.02000 |  0.02300 |
| almost ordered  |  0.00400 |  0.00600 |  0.00800 |  0.01200 |  0.01200 |  0.01700 |  0.01900 |  0.02000 |  0.02200 |
| almost reversed |  0.00400 |  0.00500 |  0.00800 |  0.01100 |  0.01200 |  0.01800 |  0.01700 |  0.01900 |  0.02000 |

INSERTION SORT table
| starting array  |    10000 |    15000 |    20000 |    25000 |    30000 |    35000 |    40000 |    45000 |    50000 |
|-----------------+----------+----------+----------+----------+----------+----------+----------+----------+----------|
| random          |  0.98900 |  2.85000 |  4.59000 |  5.92500 |  7.63900 | 10.59700 | 12.96200 | 14.87100 | 17.31700 |
| ordered         |  0.00000 |  0.00000 |  0.00000 |  0.00000 |  0.00100 |  0.00000 |  0.00100 |  0.00100 |  0.00000 |
| reversed        |  0.00000 |  0.00100 |  0.00100 |  0.00100 |  0.00000 |  0.00100 |  0.00100 |  0.00100 |  0.00100 |
| almost ordered  |  0.00000 |  0.00000 |  0.00100 |  0.00000 |  0.00100 |  0.00100 |  0.00100 |  0.00100 |  0.00100 |
| almost reversed |  0.00000 |  0.00000 |  0.00000 |  0.00100 |  0.00100 |  0.00100 |  0.00100 |  0.00100 |  0.00000 |

COCKTAIL SORT table
| starting array  |    10000 |    15000 |    20000 |    25000 |    30000 |    35000 |    40000 |    45000 |    50000 |
|-----------------+----------+----------+----------+----------+----------+----------+----------+----------+----------|
| random          |  0.96400 |  2.18500 |  3.87300 |  6.00100 |  8.60500 | 11.75900 | 19.46300 | 22.19800 | 26.04200 |
| ordered         |  0.00000 |  0.00000 |  0.00100 |  0.00100 |  0.00100 |  0.00200 |  0.00100 |  0.00200 |  0.00200 |
| reversed        |  0.00000 |  0.00100 |  0.00000 |  0.00100 |  0.00100 |  0.00100 |  0.00100 |  0.00100 |  0.00100 |
| almost ordered  |  0.00000 |  0.00100 |  0.00000 |  0.00100 |  0.00100 |  0.00100 |  0.00100 |  0.00300 |  0.00100 |
| almost reversed |  0.00000 |  0.00100 |  0.00100 |  0.00100 |  0.00100 |  0.00200 |  0.00200 |  0.00100 |  0.00300 |

BUCKET SORT table
| starting array  |    10000 |    15000 |    20000 |    25000 |    30000 |    35000 |    40000 |    45000 |    50000 |
|-----------------+----------+----------+----------+----------+----------+----------+----------+----------+----------|
| random          |  0.00800 |  0.00800 |  0.01000 |  0.01000 |  0.01200 |  0.01200 |  0.01300 |  0.01400 |  0.01600 |
| ordered         |  0.00100 |  0.00200 |  0.00300 |  0.00300 |  0.00300 |  0.00400 |  0.00400 |  0.00500 |  0.00500 |
| reversed        |  0.00200 |  0.00200 |  0.00300 |  0.00300 |  0.00300 |  0.00400 |  0.00400 |  0.00500 |  0.00400 |
| almost ordered  |  0.00100 |  0.00200 |  0.00200 |  0.00300 |  0.00300 |  0.00300 |  0.00400 |  0.00400 |  0.00500 |
| almost reversed |  0.00100 |  0.00200 |  0.00200 |  0.00300 |  0.00300 |  0.00400 |  0.00400 |  0.00400 |  0.00500 |

