MIN: 0
MAX: 1
CMP: 100

TIM SORT table
| starting array  |    10000 |    15000 |    20000 |    25000 |    30000 |    35000 |    40000 |    45000 |    50000 |
|-----------------+----------+----------+----------+----------+----------+----------+----------+----------+----------|
| random          |  0.01900 |  0.02800 |  0.03700 |  0.04600 |  0.05500 |  0.06300 |  0.07300 |  0.08200 |  0.09200 |
| ordered         |  0.00300 |  0.00500 |  0.00600 |  0.00800 |  0.00900 |  0.01100 |  0.01200 |  0.01400 |  0.01600 |
| reversed        |  0.00300 |  0.00500 |  0.00600 |  0.00800 |  0.00900 |  0.01200 |  0.01200 |  0.01400 |  0.01600 |
| almost ordered  |  0.00300 |  0.00500 |  0.00600 |  0.00800 |  0.01000 |  0.01100 |  0.01300 |  0.01400 |  0.01500 |
| almost reversed |  0.00300 |  0.00500 |  0.00600 |  0.00800 |  0.00900 |  0.01100 |  0.01300 |  0.01400 |  0.01600 |

QUICK SORT table
| starting array  |    10000 |    15000 |    20000 |    25000 |    30000 |    35000 |    40000 |    45000 |    50000 |
|-----------------+----------+----------+----------+----------+----------+----------+----------+----------+----------|
| random          |  0.04700 |  0.07400 |  0.09400 |  0.12500 |  0.15900 |  0.18100 |  0.20800 |  0.22500 |  0.27000 |
| ordered         |  0.04700 |  0.06500 |  0.09900 |  0.12300 |  0.14000 |  0.19200 |  0.21200 |  0.23000 |  0.25800 |
| reversed        |  0.04700 |  0.06600 |  0.10600 |  0.12200 |  0.13900 |  0.19400 |  0.21000 |  0.23100 |  0.25700 |
| almost ordered  |  0.04700 |  0.06600 |  0.10100 |  0.12200 |  0.14000 |  0.19100 |  0.21100 |  0.22900 |  0.25900 |
| almost reversed |  0.04700 |  0.06600 |  0.10000 |  0.12100 |  0.14100 |  0.19100 |  0.21000 |  0.23100 |  0.25600 |

BUCKET SORT table
| starting array  |    10000 |    15000 |    20000 |    25000 |    30000 |    35000 |    40000 |    45000 |    50000 |
|-----------------+----------+----------+----------+----------+----------+----------+----------+----------+----------|
| random          |  0.00100 |  0.00100 |  0.00200 |  0.00200 |  0.00200 |  0.00200 |  0.00300 |  0.00300 |  0.00400 |
| ordered         |  0.00000 |  0.00100 |  0.00100 |  0.00200 |  0.00200 |  0.00300 |  0.00300 |  0.00400 |  0.00400 |
| reversed        |  0.00000 |  0.00100 |  0.00200 |  0.00300 |  0.00300 |  0.00300 |  0.00300 |  0.00300 |  0.00400 |
| almost ordered  |  0.00100 |  0.00100 |  0.00100 |  0.00200 |  0.00200 |  0.00300 |  0.00300 |  0.00300 |  0.00300 |
| almost reversed |  0.00100 |  0.00100 |  0.00200 |  0.00200 |  0.00300 |  0.00300 |  0.00300 |  0.00300 |  0.00400 |

