MIN: 0
MAX: 1
CMP: 10

TIM SORT table
| starting array  |    10000 |    15000 |    20000 |    25000 |    30000 |    35000 |    40000 |    45000 |    50000 |
|-----------------+----------+----------+----------+----------+----------+----------+----------+----------+----------|
| random          |  0.00800 |  0.01200 |  0.01600 |  0.02100 |  0.02500 |  0.02700 |  0.03200 |  0.03600 |  0.04000 |
| ordered         |  0.00100 |  0.00100 |  0.00200 |  0.00200 |  0.00300 |  0.00300 |  0.00300 |  0.00400 |  0.00400 |
| reversed        |  0.00000 |  0.00100 |  0.00200 |  0.00200 |  0.00300 |  0.00300 |  0.00300 |  0.00300 |  0.00400 |
| almost ordered  |  0.00100 |  0.00100 |  0.00200 |  0.00200 |  0.00200 |  0.00200 |  0.00400 |  0.00300 |  0.00400 |
| almost reversed |  0.00100 |  0.00100 |  0.00200 |  0.00200 |  0.00200 |  0.00300 |  0.00400 |  0.00300 |  0.00400 |

QUICK SORT table
| starting array  |    10000 |    15000 |    20000 |    25000 |    30000 |    35000 |    40000 |    45000 |    50000 |
|-----------------+----------+----------+----------+----------+----------+----------+----------+----------+----------|
| random          |  0.00800 |  0.01200 |  0.01600 |  0.02100 |  0.02700 |  0.03000 |  0.03300 |  0.03800 |  0.04600 |
| ordered         |  0.00800 |  0.01100 |  0.01700 |  0.02100 |  0.02400 |  0.03900 |  0.03500 |  0.03900 |  0.04300 |
| reversed        |  0.00800 |  0.01100 |  0.01700 |  0.02000 |  0.02300 |  0.03200 |  0.03500 |  0.03800 |  0.04200 |
| almost ordered  |  0.00800 |  0.01100 |  0.01700 |  0.02000 |  0.02300 |  0.03200 |  0.03600 |  0.03800 |  0.04300 |
| almost reversed |  0.00800 |  0.01100 |  0.01700 |  0.02000 |  0.02300 |  0.03300 |  0.03500 |  0.03900 |  0.04200 |

BUCKET SORT table
| starting array  |    10000 |    15000 |    20000 |    25000 |    30000 |    35000 |    40000 |    45000 |    50000 |
|-----------------+----------+----------+----------+----------+----------+----------+----------+----------+----------|
| random          |  0.00100 |  0.00100 |  0.00200 |  0.00200 |  0.00200 |  0.00200 |  0.00300 |  0.00300 |  0.00300 |
| ordered         |  0.00100 |  0.00100 |  0.00100 |  0.00200 |  0.00200 |  0.00300 |  0.00300 |  0.00400 |  0.00400 |
| reversed        |  0.00100 |  0.00100 |  0.00200 |  0.00200 |  0.00200 |  0.00300 |  0.00300 |  0.00400 |  0.00400 |
| almost ordered  |  0.00100 |  0.00100 |  0.00100 |  0.00200 |  0.00200 |  0.00300 |  0.00300 |  0.00300 |  0.00400 |
| almost reversed |  0.00000 |  0.00100 |  0.00200 |  0.00200 |  0.00200 |  0.00200 |  0.00300 |  0.00400 |  0.00400 |

