MIN: 0
MAX: 1
CMP: 1000

TIM SORT table
| starting array  |    10000 |    15000 |    20000 |    25000 |    30000 |    35000 |    40000 |    45000 |    50000 |
|-----------------+----------+----------+----------+----------+----------+----------+----------+----------+----------|
| random          |  0.11800 |  0.17600 |  0.23700 |  0.29900 |  0.35200 |  0.41300 |  0.47300 |  0.53100 |  0.63800 |
| ordered         |  0.02500 |  0.03700 |  0.04900 |  0.06200 |  0.07200 |  0.08500 |  0.09700 |  0.11000 |  0.12100 |
| reversed        |  0.02400 |  0.03600 |  0.04800 |  0.06100 |  0.07300 |  0.08500 |  0.09700 |  0.10900 |  0.14000 |
| almost ordered  |  0.02500 |  0.03800 |  0.07100 |  0.06200 |  0.07400 |  0.08500 |  0.09700 |  0.10800 |  0.12100 |
| almost reversed |  0.02400 |  0.03600 |  0.04900 |  0.06100 |  0.07300 |  0.08500 |  0.09900 |  0.11500 |  0.12100 |

QUICK SORT table
| starting array  |    10000 |    15000 |    20000 |    25000 |    30000 |    35000 |    40000 |    45000 |    50000 |
|-----------------+----------+----------+----------+----------+----------+----------+----------+----------+----------|
| random          |  0.43700 |  0.67900 |  0.89800 |  1.12200 |  1.29900 |  1.69900 |  1.80800 |  2.03900 |  2.36300 |
| ordered         |  0.41800 |  0.58500 |  0.89000 |  1.10600 |  1.28000 |  1.70600 |  1.87600 |  2.09100 |  2.27300 |
| reversed        |  0.42600 |  0.58400 |  0.88400 |  1.07900 |  1.24400 |  1.70700 |  1.86300 |  2.04500 |  2.28200 |
| almost ordered  |  0.41900 |  0.58400 |  0.88300 |  1.07800 |  1.24700 |  1.70000 |  1.86300 |  2.04500 |  2.27800 |
| almost reversed |  0.41800 |  0.59100 |  0.88400 |  1.07800 |  1.24100 |  1.70200 |  1.86800 |  2.04100 |  2.28300 |

BUCKET SORT table
| starting array  |    10000 |    15000 |    20000 |    25000 |    30000 |    35000 |    40000 |    45000 |    50000 |
|-----------------+----------+----------+----------+----------+----------+----------+----------+----------+----------|
| random          |  0.00100 |  0.00100 |  0.00100 |  0.00200 |  0.00200 |  0.00300 |  0.00300 |  0.00400 |  0.00400 |
| ordered         |  0.00100 |  0.00200 |  0.00200 |  0.00200 |  0.00300 |  0.00200 |  0.00400 |  0.00300 |  0.00400 |
| reversed        |  0.00100 |  0.00100 |  0.00200 |  0.00200 |  0.00200 |  0.00300 |  0.00300 |  0.00300 |  0.00300 |
| almost ordered  |  0.00100 |  0.00200 |  0.00200 |  0.00200 |  0.00300 |  0.00300 |  0.00400 |  0.00400 |  0.00400 |
| almost reversed |  0.00100 |  0.00100 |  0.00100 |  0.00100 |  0.00200 |  0.00200 |  0.00300 |  0.00400 |  0.00400 |

