MIN: 0
MAX: 1
CMP: 0

TIM SORT table
| starting array  |    10000 |    15000 |    20000 |    25000 |    30000 |    35000 |    40000 |    45000 |    50000 |
|-----------------+----------+----------+----------+----------+----------+----------+----------+----------+----------|
| random          |  0.00700 |  0.01000 |  0.01300 |  0.01600 |  0.01900 |  0.02200 |  0.02500 |  0.02900 |  0.03200 |
| ordered         |  0.00100 |  0.00100 |  0.00200 |  0.00100 |  0.00200 |  0.00200 |  0.00200 |  0.00300 |  0.00300 |
| reversed        |  0.00100 |  0.00100 |  0.00100 |  0.00200 |  0.00200 |  0.00300 |  0.00200 |  0.00200 |  0.00300 |
| almost ordered  |  0.00000 |  0.00100 |  0.00200 |  0.00100 |  0.00200 |  0.00200 |  0.00300 |  0.00200 |  0.00300 |
| almost reversed |  0.00100 |  0.00100 |  0.00100 |  0.00200 |  0.00100 |  0.00200 |  0.00300 |  0.00300 |  0.00300 |

QUICK SORT table
| starting array  |    10000 |    15000 |    20000 |    25000 |    30000 |    35000 |    40000 |    45000 |    50000 |
|-----------------+----------+----------+----------+----------+----------+----------+----------+----------+----------|
| random          |  0.00400 |  0.00600 |  0.00800 |  0.01100 |  0.01200 |  0.01500 |  0.01700 |  0.01700 |  0.02200 |
| ordered         |  0.00400 |  0.00500 |  0.00900 |  0.00900 |  0.01100 |  0.01600 |  0.01700 |  0.01800 |  0.02000 |
| reversed        |  0.00400 |  0.00500 |  0.00800 |  0.01000 |  0.01100 |  0.01600 |  0.01700 |  0.01800 |  0.02000 |
| almost ordered  |  0.00400 |  0.00500 |  0.00800 |  0.00900 |  0.01000 |  0.01600 |  0.01700 |  0.01900 |  0.02000 |
| almost reversed |  0.00400 |  0.00500 |  0.00800 |  0.01000 |  0.01100 |  0.01600 |  0.01700 |  0.01800 |  0.02000 |

INSERTION SORT table
| starting array  |    10000 |    15000 |    20000 |    25000 |    30000 |    35000 |    40000 |    45000 |    50000 |
|-----------------+----------+----------+----------+----------+----------+----------+----------+----------+----------|
| random          |  0.34000 |  0.76900 |  1.37400 |  2.39000 |  3.30500 |  4.78400 |  5.62200 |  7.07900 |  8.68200 |
| ordered         |  0.00000 |  0.00000 |  0.00100 |  0.00100 |  0.00000 |  0.00100 |  0.00100 |  0.00100 |  0.00100 |
| reversed        |  0.00000 |  0.00100 |  0.00100 |  0.00100 |  0.00100 |  0.00200 |  0.00200 |  0.00200 |  0.00200 |
| almost ordered  |  0.00000 |  0.00000 |  0.00000 |  0.00100 |  0.00000 |  0.00000 |  0.00100 |  0.00100 |  0.00100 |
| almost reversed |  0.00100 |  0.00000 |  0.00100 |  0.00100 |  0.00200 |  0.00200 |  0.00100 |  0.00200 |  0.00200 |

COCKTAIL SORT table
| starting array  |    10000 |    15000 |    20000 |    25000 |    30000 |    35000 |    40000 |    45000 |    50000 |
|-----------------+----------+----------+----------+----------+----------+----------+----------+----------+----------|
| random          |  0.87200 |  1.94900 |  3.44600 |  5.36200 |  7.90900 | 10.35300 | 13.66500 | 17.16100 | 21.57100 |
| ordered         |  0.00100 |  0.00100 |  0.00100 |  0.00100 |  0.00100 |  0.00100 |  0.00200 |  0.00200 |  0.00200 |
| reversed        |  0.00100 |  0.00100 |  0.00100 |  0.00100 |  0.00100 |  0.00200 |  0.00200 |  0.00200 |  0.00200 |
| almost ordered  |  0.00100 |  0.00000 |  0.00100 |  0.00100 |  0.00100 |  0.00200 |  0.00200 |  0.00100 |  0.00200 |
| almost reversed |  0.00100 |  0.00000 |  0.00100 |  0.00100 |  0.00200 |  0.00200 |  0.00100 |  0.00200 |  0.00300 |

BUCKET SORT table
| starting array  |    10000 |    15000 |    20000 |    25000 |    30000 |    35000 |    40000 |    45000 |    50000 |
|-----------------+----------+----------+----------+----------+----------+----------+----------+----------+----------|
| random          |  0.00100 |  0.00100 |  0.00100 |  0.00200 |  0.00200 |  0.00300 |  0.00300 |  0.00400 |  0.00400 |
| ordered         |  0.00100 |  0.00100 |  0.00200 |  0.00200 |  0.00200 |  0.00300 |  0.00300 |  0.00300 |  0.00300 |
| reversed        |  0.00100 |  0.00100 |  0.00100 |  0.00200 |  0.00200 |  0.00300 |  0.00300 |  0.00300 |  0.00300 |
| almost ordered  |  0.00100 |  0.00200 |  0.00200 |  0.00200 |  0.00200 |  0.00300 |  0.00300 |  0.00400 |  0.00400 |
| almost reversed |  0.00100 |  0.00100 |  0.00100 |  0.00200 |  0.00200 |  0.00300 |  0.00300 |  0.00300 |  0.00300 |

