MIN: 0
MAX: 100000
CMP: 10

TIM SORT table
| starting array  |    10000 |    15000 |    20000 |    25000 |    30000 |    35000 |    40000 |    45000 |    50000 |
|-----------------+----------+----------+----------+----------+----------+----------+----------+----------+----------|
| random          |  0.01900 |  0.02900 |  0.04000 |  0.05000 |  0.06100 |  0.07100 |  0.08200 |  0.09400 |  0.10700 |
| ordered         |  0.00100 |  0.00100 |  0.00200 |  0.00200 |  0.00300 |  0.00300 |  0.00300 |  0.00400 |  0.00400 |
| reversed        |  0.00100 |  0.00200 |  0.00200 |  0.00300 |  0.00300 |  0.00400 |  0.00400 |  0.00400 |  0.00600 |
| almost ordered  |  0.01100 |  0.01700 |  0.02300 |  0.02900 |  0.03600 |  0.04100 |  0.04700 |  0.05400 |  0.06100 |
| almost reversed |  0.01400 |  0.02300 |  0.02800 |  0.03700 |  0.04700 |  0.05000 |  0.05700 |  0.06800 |  0.07700 |

QUICK SORT table
| starting array  |    10000 |    15000 |    20000 |    25000 |    30000 |    35000 |    40000 |    45000 |    50000 |
|-----------------+----------+----------+----------+----------+----------+----------+----------+----------+----------|
| random          |  0.00900 |  0.01300 |  0.01800 |  0.02300 |  0.02800 |  0.03400 |  0.03800 |  0.04400 |  0.05000 |
| ordered         |  0.00500 |  0.00800 |  0.01100 |  0.01400 |  0.01700 |  0.02100 |  0.02400 |  0.02700 |  0.03000 |
| reversed        |  0.00500 |  0.00900 |  0.01200 |  0.01500 |  0.01700 |  0.02000 |  0.02400 |  0.02800 |  0.03000 |
| almost ordered  |  0.00500 |  0.00900 |  0.01200 |  0.01500 |  0.02400 |  0.02200 |  0.02500 |  0.02900 |  0.03200 |
| almost reversed |  0.00800 |  0.01200 |  0.01500 |  0.01900 |  0.02300 |  0.02800 |  0.03200 |  0.03700 |  0.04200 |

BUCKET SORT table
| starting array  |    10000 |    15000 |    20000 |    25000 |    30000 |    35000 |    40000 |    45000 |    50000 |
|-----------------+----------+----------+----------+----------+----------+----------+----------+----------+----------|
| random          |  0.04100 |  0.04500 |  0.05100 |  0.05700 |  0.06200 |  0.06500 |  0.07100 |  0.07500 |  0.08000 |
| ordered         |  0.03900 |  0.04200 |  0.04700 |  0.05000 |  0.05300 |  0.05700 |  0.06200 |  0.06400 |  0.06900 |
| reversed        |  0.03900 |  0.04300 |  0.04700 |  0.05100 |  0.05400 |  0.05700 |  0.06000 |  0.06500 |  0.06900 |
| almost ordered  |  0.04000 |  0.04400 |  0.04700 |  0.05100 |  0.05500 |  0.05900 |  0.06400 |  0.06600 |  0.07100 |
| almost reversed |  0.03900 |  0.04400 |  0.04700 |  0.05300 |  0.05700 |  0.06000 |  0.06400 |  0.06700 |  0.07300 |

