MIN: 0
MAX: 100000
CMP: 1000

TIM SORT table
| starting array  |    10000 |    15000 |    20000 |    25000 |    30000 |    35000 |    40000 |    45000 |    50000 |
|-----------------+----------+----------+----------+----------+----------+----------+----------+----------+----------|
| random          |  0.30500 |  0.47700 |  0.66000 |  0.84200 |  1.02500 |  1.23000 |  1.42500 |  1.61100 |  1.80700 |
| ordered         |  0.02400 |  0.03600 |  0.04800 |  0.06200 |  0.07300 |  0.08400 |  0.09900 |  0.10800 |  0.12100 |
| reversed        |  0.02500 |  0.03700 |  0.04900 |  0.06200 |  0.07300 |  0.08600 |  0.09700 |  0.11000 |  0.12300 |
| almost ordered  |  0.17500 |  0.27700 |  0.35800 |  0.46100 |  0.57300 |  0.63500 |  0.73200 |  0.83400 |  0.93200 |
| almost reversed |  0.18200 |  0.28800 |  0.37600 |  0.48600 |  0.59600 |  0.66900 |  0.76700 |  0.87200 |  0.97800 |

QUICK SORT table
| starting array  |    10000 |    15000 |    20000 |    25000 |    30000 |    35000 |    40000 |    45000 |    50000 |
|-----------------+----------+----------+----------+----------+----------+----------+----------+----------+----------|
| random          |  0.48200 |  0.75900 |  1.09500 |  1.27800 |  1.52800 |  1.82300 |  2.18700 |  2.85600 |  2.71000 |
| ordered         |  0.31500 |  0.49400 |  0.67900 |  0.86800 |  1.05900 |  1.26000 |  1.45300 |  1.65200 |  1.85900 |
| reversed        |  0.31700 |  0.49300 |  0.67800 |  0.86800 |  1.05600 |  1.26000 |  1.45300 |  1.65600 |  1.85500 |
| almost ordered  |  0.33600 |  0.51600 |  0.72200 |  0.90600 |  1.10000 |  1.30400 |  1.49900 |  1.71600 |  1.93400 |
| almost reversed |  0.41600 |  0.64000 |  0.95800 |  1.10300 |  1.37500 |  1.62200 |  1.84400 |  2.06900 |  2.34800 |

BUCKET SORT table
| starting array  |    10000 |    15000 |    20000 |    25000 |    30000 |    35000 |    40000 |    45000 |    50000 |
|-----------------+----------+----------+----------+----------+----------+----------+----------+----------+----------|
| random          |  0.04100 |  0.04500 |  0.05100 |  0.05800 |  0.06000 |  0.06500 |  0.06900 |  0.07400 |  0.07900 |
| ordered         |  0.03800 |  0.04300 |  0.04600 |  0.05000 |  0.05400 |  0.05700 |  0.06200 |  0.06500 |  0.07000 |
| reversed        |  0.03900 |  0.04200 |  0.04600 |  0.04900 |  0.05500 |  0.05700 |  0.06100 |  0.06400 |  0.06800 |
| almost ordered  |  0.03900 |  0.04300 |  0.04700 |  0.05200 |  0.05600 |  0.06000 |  0.06300 |  0.06800 |  0.07200 |
| almost reversed |  0.04000 |  0.04400 |  0.04800 |  0.05200 |  0.05400 |  0.06700 |  0.06400 |  0.06800 |  0.07300 |

