MIN: 0
MAX: 100000
CMP: 0

TIM SORT table
| starting array  |    10000 |    15000 |    20000 |    25000 |    30000 |    35000 |    40000 |    45000 |    50000 |
|-----------------+----------+----------+----------+----------+----------+----------+----------+----------+----------|
| random          |  0.01500 |  0.02400 |  0.03200 |  0.04100 |  0.05000 |  0.05900 |  0.06800 |  0.07600 |  0.08600 |
| ordered         |  0.00100 |  0.00100 |  0.00200 |  0.00200 |  0.00200 |  0.00300 |  0.00200 |  0.00200 |  0.00300 |
| reversed        |  0.00100 |  0.00100 |  0.00100 |  0.00200 |  0.00200 |  0.00300 |  0.00300 |  0.00400 |  0.00400 |
| almost ordered  |  0.00800 |  0.01400 |  0.01900 |  0.02400 |  0.02900 |  0.03400 |  0.03900 |  0.04300 |  0.04900 |
| almost reversed |  0.01100 |  0.02000 |  0.02400 |  0.03100 |  0.04100 |  0.04300 |  0.05000 |  0.05600 |  0.06500 |

QUICK SORT table
| starting array  |    10000 |    15000 |    20000 |    25000 |    30000 |    35000 |    40000 |    45000 |    50000 |
|-----------------+----------+----------+----------+----------+----------+----------+----------+----------+----------|
| random          |  0.00300 |  0.00600 |  0.00800 |  0.01000 |  0.01200 |  0.01400 |  0.01700 |  0.01900 |  0.02200 |
| ordered         |  0.00200 |  0.00300 |  0.00400 |  0.00600 |  0.00700 |  0.00800 |  0.00900 |  0.01100 |  0.01200 |
| reversed        |  0.00200 |  0.00300 |  0.00400 |  0.00600 |  0.00700 |  0.00800 |  0.00900 |  0.01100 |  0.01200 |
| almost ordered  |  0.00200 |  0.00300 |  0.00500 |  0.00600 |  0.00800 |  0.00900 |  0.01000 |  0.01200 |  0.01300 |
| almost reversed |  0.00400 |  0.00500 |  0.00600 |  0.00900 |  0.01000 |  0.01100 |  0.01400 |  0.01600 |  0.01700 |

INSERTION SORT table
| starting array  |    10000 |    15000 |    20000 |    25000 |    30000 |    35000 |    40000 |    45000 |    50000 |
|-----------------+----------+----------+----------+----------+----------+----------+----------+----------+----------|
| random          |  0.68100 |  1.55000 |  2.73000 |  4.31100 |  6.17000 |  8.48600 | 10.93900 | 13.94800 | 17.08300 |
| ordered         |  0.00000 |  0.00000 |  0.00000 |  0.00100 |  0.00100 |  0.00000 |  0.00000 |  0.00100 |  0.00100 |
| reversed        |  1.37400 |  3.07400 |  5.47400 |  8.56000 | 12.31800 | 16.77600 | 21.92800 | 27.72500 | 34.31100 |
| almost ordered  |  0.16700 |  0.36200 |  0.63500 |  0.97400 |  1.40500 |  1.91300 |  2.45800 |  3.12000 |  3.80900 |
| almost reversed |  1.20700 |  2.72500 |  4.85500 |  7.57300 | 10.91300 | 14.88100 | 19.39700 | 24.63000 | 30.67900 |

COCKTAIL SORT table
| starting array  |    10000 |    15000 |    20000 |    25000 |    30000 |    35000 |    40000 |    45000 |    50000 |
|-----------------+----------+----------+----------+----------+----------+----------+----------+----------+----------|
| random          |  0.97200 |  2.59500 |  3.84900 |  6.04200 |  8.68900 | 11.80900 | 15.46200 | 19.56200 | 24.00600 |
| ordered         |  0.00000 |  0.00000 |  0.00100 |  0.00100 |  0.00100 |  0.00100 |  0.00200 |  0.00200 |  0.00200 |
| reversed        |  1.40400 |  3.16200 |  5.62700 |  8.79000 | 12.66800 | 17.23100 | 22.50500 | 28.57600 | 35.19500 |
| almost ordered  |  0.21900 |  0.48800 |  0.84200 |  1.32000 |  1.90700 |  2.64000 |  3.42000 |  4.25300 |  5.11600 |
| almost reversed |  1.35000 |  3.03300 |  5.39200 |  8.57400 | 12.11600 | 16.46400 | 21.52600 | 27.24100 | 33.74200 |

BUCKET SORT table
| starting array  |    10000 |    15000 |    20000 |    25000 |    30000 |    35000 |    40000 |    45000 |    50000 |
|-----------------+----------+----------+----------+----------+----------+----------+----------+----------+----------|
| random          |  0.04100 |  0.04500 |  0.05000 |  0.05500 |  0.06000 |  0.06700 |  0.07200 |  0.07700 |  0.08000 |
| ordered         |  0.03900 |  0.04300 |  0.04600 |  0.05000 |  0.05400 |  0.05700 |  0.06100 |  0.06500 |  0.07000 |
| reversed        |  0.03900 |  0.04300 |  0.04600 |  0.05000 |  0.05300 |  0.05800 |  0.06000 |  0.06500 |  0.06900 |
| almost ordered  |  0.03900 |  0.04300 |  0.04900 |  0.05200 |  0.05500 |  0.05900 |  0.06300 |  0.06700 |  0.07300 |
| almost reversed |  0.03900 |  0.04400 |  0.04800 |  0.05200 |  0.05600 |  0.06100 |  0.06400 |  0.06700 |  0.07500 |

