MIN: 0
MAX: 100000
CMP: 100

TIM SORT table
| starting array  |    10000 |    15000 |    20000 |    25000 |    30000 |    35000 |    40000 |    45000 |    50000 |
|-----------------+----------+----------+----------+----------+----------+----------+----------+----------+----------|
| random          |  0.04600 |  0.07100 |  0.09800 |  0.12500 |  0.15200 |  0.18400 |  0.20900 |  0.23800 |  0.26900 |
| ordered         |  0.00300 |  0.00400 |  0.00600 |  0.00800 |  0.00900 |  0.01100 |  0.01300 |  0.01400 |  0.01500 |
| reversed        |  0.00300 |  0.00600 |  0.00700 |  0.00800 |  0.01000 |  0.01200 |  0.01400 |  0.01500 |  0.01700 |
| almost ordered  |  0.02700 |  0.04200 |  0.05400 |  0.07000 |  0.08500 |  0.10300 |  0.11300 |  0.12800 |  0.14100 |
| almost reversed |  0.03000 |  0.04800 |  0.06100 |  0.08000 |  0.10000 |  0.10800 |  0.12400 |  0.14300 |  0.16400 |

QUICK SORT table
| starting array  |    10000 |    15000 |    20000 |    25000 |    30000 |    35000 |    40000 |    45000 |    50000 |
|-----------------+----------+----------+----------+----------+----------+----------+----------+----------+----------|
| random          |  0.05300 |  0.08300 |  0.10700 |  0.14500 |  0.17000 |  0.20100 |  0.23800 |  0.27100 |  0.30400 |
| ordered         |  0.03500 |  0.05400 |  0.07400 |  0.09500 |  0.11600 |  0.13900 |  0.16000 |  0.18100 |  0.20400 |
| reversed        |  0.03500 |  0.05400 |  0.07600 |  0.09600 |  0.11600 |  0.13900 |  0.15900 |  0.18300 |  0.21000 |
| almost ordered  |  0.03600 |  0.05700 |  0.07700 |  0.09900 |  0.12000 |  0.14500 |  0.16500 |  0.18800 |  0.21100 |
| almost reversed |  0.04700 |  0.07000 |  0.09600 |  0.12100 |  0.15200 |  0.17600 |  0.20700 |  0.23300 |  0.26000 |

BUCKET SORT table
| starting array  |    10000 |    15000 |    20000 |    25000 |    30000 |    35000 |    40000 |    45000 |    50000 |
|-----------------+----------+----------+----------+----------+----------+----------+----------+----------+----------|
| random          |  0.04100 |  0.04800 |  0.05100 |  0.05500 |  0.06000 |  0.06500 |  0.07000 |  0.07600 |  0.07900 |
| ordered         |  0.03900 |  0.04300 |  0.04700 |  0.05000 |  0.05400 |  0.05700 |  0.06100 |  0.06500 |  0.06900 |
| reversed        |  0.03800 |  0.04600 |  0.04600 |  0.05000 |  0.05300 |  0.05700 |  0.08500 |  0.06500 |  0.06900 |
| almost ordered  |  0.03900 |  0.04500 |  0.04800 |  0.05200 |  0.05500 |  0.06000 |  0.06400 |  0.06700 |  0.07200 |
| almost reversed |  0.04000 |  0.04400 |  0.05000 |  0.05100 |  0.05600 |  0.06000 |  0.06500 |  0.07200 |  0.07200 |

