** Same
MIN: 0
MAX: 1
CMP: 0

TIM SORT table
| starting array  |    10000 |    15000 |    20000 |    25000 |    30000 |    35000 |    40000 |    45000 |    50000 |
|-----------------+----------+----------+----------+----------+----------+----------+----------+----------+----------|
| random          |  0.01351 |  0.01167 |  0.01166 |  0.01494 |  0.01828 |  0.02047 |  0.02368 |  0.02689 |  0.03011 |
| ordered         |  0.00054 |  0.00081 |  0.00107 |  0.00133 |  0.00161 |  0.00188 |  0.00213 |  0.00241 |  0.00266 |
| reversed        |  0.00055 |  0.00082 |  0.00110 |  0.00136 |  0.00163 |  0.00190 |  0.00216 |  0.00243 |  0.00271 |
| almost ordered  |  0.00054 |  0.00080 |  0.00118 |  0.00133 |  0.00161 |  0.00187 |  0.00214 |  0.00241 |  0.00269 |
| almost reversed |  0.00056 |  0.00082 |  0.00109 |  0.00136 |  0.00163 |  0.00190 |  0.00215 |  0.00245 |  0.00270 |

QUICK SORT table
| starting array  |    10000 |    15000 |    20000 |    25000 |    30000 |    35000 |    40000 |    45000 |    50000 |
|-----------------+----------+----------+----------+----------+----------+----------+----------+----------+----------|
| random          |  0.00380 |  0.00634 |  0.00779 |  0.01085 |  0.01191 |  0.01489 |  0.01722 |  0.01842 |  0.02247 |
| ordered         |  0.00414 |  0.00520 |  0.00863 |  0.00985 |  0.01090 |  0.01673 |  0.01778 |  0.01894 |  0.02048 |
| reversed        |  0.00417 |  0.00521 |  0.00858 |  0.00982 |  0.01088 |  0.01673 |  0.01779 |  0.01893 |  0.02047 |
| almost ordered  |  0.00413 |  0.00522 |  0.00857 |  0.00982 |  0.01090 |  0.01675 |  0.01782 |  0.01898 |  0.02043 |
| almost reversed |  0.00413 |  0.00521 |  0.00857 |  0.00982 |  0.01089 |  0.01673 |  0.01783 |  0.01894 |  0.02045 |

INSERTION SORT table
| starting array  |    10000 |    15000 |    20000 |    25000 |    30000 |    35000 |    40000 |    45000 |    50000 |
|-----------------+----------+----------+----------+----------+----------+----------+----------+----------+----------|
| random          |  0.29675 |  0.66941 |  1.19614 |  1.85230 |  2.67853 |  3.65650 |  4.75969 |  6.03166 |  7.50336 |
| ordered         |  0.00019 |  0.00028 |  0.00037 |  0.00047 |  0.00056 |  0.00065 |  0.00075 |  0.00084 |  0.00093 |
| reversed        |  0.00043 |  0.00064 |  0.00085 |  0.00107 |  0.00131 |  0.00149 |  0.00169 |  0.00191 |  0.00213 |
| almost ordered  |  0.00019 |  0.00028 |  0.00038 |  0.00047 |  0.00056 |  0.00065 |  0.00075 |  0.00084 |  0.00094 |
| almost reversed |  0.00042 |  0.00064 |  0.00085 |  0.00106 |  0.00128 |  0.00148 |  0.00169 |  0.00191 |  0.00213 |

COCKTAIL SORT table
| starting array  |    10000 |    15000 |    20000 |    25000 |    30000 |    35000 |    40000 |    45000 |    50000 |
|-----------------+----------+----------+----------+----------+----------+----------+----------+----------+----------|
| random          |  0.80941 |  1.83533 |  3.26774 |  5.14186 |  7.39414 | 10.06174 | 13.09592 | 16.51121 | 20.37429 |
| ordered         |  0.00032 |  0.00048 |  0.00064 |  0.00080 |  0.00096 |  0.00112 |  0.00128 |  0.00144 |  0.00160 |
| reversed        |  0.00042 |  0.00063 |  0.00085 |  0.00109 |  0.00126 |  0.00147 |  0.00169 |  0.00190 |  0.00210 |
| almost ordered  |  0.00033 |  0.00048 |  0.00064 |  0.00081 |  0.00096 |  0.00112 |  0.00128 |  0.00144 |  0.00160 |
| almost reversed |  0.00042 |  0.00063 |  0.00084 |  0.00105 |  0.00126 |  0.00148 |  0.00169 |  0.00190 |  0.00211 |

BUCKET SORT table
| starting array  |    10000 |    15000 |    20000 |    25000 |    30000 |    35000 |    40000 |    45000 |    50000 |
|-----------------+----------+----------+----------+----------+----------+----------+----------+----------+----------|
| random          |  0.00065 |  0.00095 |  0.00128 |  0.00158 |  0.00191 |  0.00225 |  0.00267 |  0.00296 |  0.00327 |
| ordered         |  0.00065 |  0.00097 |  0.00133 |  0.00159 |  0.00189 |  0.00230 |  0.00267 |  0.00303 |  0.00333 |
| reversed        |  0.00072 |  0.00094 |  0.00130 |  0.00156 |  0.00190 |  0.00231 |  0.00266 |  0.00298 |  0.00331 |
| almost ordered  |  0.00064 |  0.00095 |  0.00130 |  0.00158 |  0.00190 |  0.00230 |  0.00266 |  0.00298 |  0.00330 |
| almost reversed |  0.00063 |  0.00094 |  0.00130 |  0.00156 |  0.00189 |  0.00230 |  0.00265 |  0.00297 |  0.00330 |

MIN: 0
MAX: 1
CMP: 1000

TIM SORT table
| starting array  |    10000 |    15000 |    20000 |    25000 |    30000 |    35000 |    40000 |    45000 |    50000 |
|-----------------+----------+----------+----------+----------+----------+----------+----------+----------+----------|
| random          |  0.16331 |  0.22875 |  0.30783 |  0.38397 |  0.45734 |  0.54168 |  0.61890 |  0.69242 |  0.76713 |
| ordered         |  0.03176 |  0.04765 |  0.06352 |  0.07937 |  0.09524 |  0.11114 |  0.12702 |  0.14300 |  0.15885 |
| reversed        |  0.03193 |  0.04792 |  0.06368 |  0.07961 |  0.09554 |  0.11130 |  0.12718 |  0.14311 |  0.15900 |
| almost ordered  |  0.03175 |  0.04762 |  0.06349 |  0.07937 |  0.09525 |  0.11115 |  0.12699 |  0.14287 |  0.15887 |
| almost reversed |  0.03193 |  0.04793 |  0.06367 |  0.07961 |  0.09555 |  0.11127 |  0.12719 |  0.14308 |  0.15902 |

QUICK SORT table
| starting array  |    10000 |    15000 |    20000 |    25000 |    30000 |    35000 |    40000 |    45000 |    50000 |
|-----------------+----------+----------+----------+----------+----------+----------+----------+----------+----------|
| random          |  0.55417 |  0.88695 |  1.15748 |  1.47955 |  1.86593 |  2.05662 |  2.42430 |  2.67175 |  3.14143 |
| ordered         |  0.55361 |  0.77397 |  1.16987 |  1.42720 |  1.64194 |  2.25026 |  2.46469 |  2.69997 |  3.01112 |
| reversed        |  0.55357 |  0.77401 |  1.16982 |  1.42722 |  1.64203 |  2.25004 |  2.46508 |  2.70018 |  3.01129 |
| almost ordered  |  0.55357 |  0.77396 |  1.16983 |  1.42719 |  1.64200 |  2.25003 |  2.46526 |  2.70002 |  3.01116 |
| almost reversed |  0.55357 |  0.77403 |  1.16982 |  1.42724 |  1.64198 |  2.25054 |  2.46626 |  2.70067 |  3.01116 |

BUCKET SORT table
| starting array  |    10000 |    15000 |    20000 |    25000 |    30000 |    35000 |    40000 |    45000 |    50000 |
|-----------------+----------+----------+----------+----------+----------+----------+----------+----------+----------|
| random          |  0.00066 |  0.00095 |  0.00128 |  0.00157 |  0.00191 |  0.00227 |  0.00266 |  0.00296 |  0.00327 |
| ordered         |  0.00065 |  0.00096 |  0.00131 |  0.00158 |  0.00190 |  0.00230 |  0.00266 |  0.00299 |  0.00332 |
| reversed        |  0.00064 |  0.00094 |  0.00127 |  0.00159 |  0.00189 |  0.00231 |  0.00267 |  0.00299 |  0.00330 |
| almost ordered  |  0.00065 |  0.00094 |  0.00128 |  0.00156 |  0.00189 |  0.00230 |  0.00266 |  0.00297 |  0.00331 |
| almost reversed |  0.00064 |  0.00094 |  0.00128 |  0.00157 |  0.00189 |  0.00230 |  0.00267 |  0.00302 |  0.00332 |

MIN: 0
MAX: 1
CMP: 100

TIM SORT table
| starting array  |    10000 |    15000 |    20000 |    25000 |    30000 |    35000 |    40000 |    45000 |    50000 |
|-----------------+----------+----------+----------+----------+----------+----------+----------+----------+----------|
| random          |  0.03072 |  0.03233 |  0.04303 |  0.05367 |  0.06444 |  0.07523 |  0.08615 |  0.09681 |  0.10736 |
| ordered         |  0.00382 |  0.00571 |  0.00761 |  0.00951 |  0.01140 |  0.01341 |  0.01518 |  0.01708 |  0.01898 |
| reversed        |  0.00384 |  0.00575 |  0.00764 |  0.00953 |  0.01145 |  0.01333 |  0.01523 |  0.01713 |  0.01904 |
| almost ordered  |  0.00380 |  0.00569 |  0.00759 |  0.00956 |  0.01141 |  0.01332 |  0.01518 |  0.01709 |  0.01899 |
| almost reversed |  0.00384 |  0.00581 |  0.00763 |  0.00955 |  0.01145 |  0.01336 |  0.01524 |  0.01713 |  0.01913 |

QUICK SORT table
| starting array  |    10000 |    15000 |    20000 |    25000 |    30000 |    35000 |    40000 |    45000 |    50000 |
|-----------------+----------+----------+----------+----------+----------+----------+----------+----------+----------|
| random          |  0.05975 |  0.09469 |  0.12257 |  0.16236 |  0.19893 |  0.23102 |  0.26961 |  0.29351 |  0.34393 |
| ordered         |  0.06115 |  0.08502 |  0.12907 |  0.15699 |  0.18023 |  0.24829 |  0.27161 |  0.29714 |  0.33099 |
| reversed        |  0.06117 |  0.08511 |  0.12910 |  0.15697 |  0.18027 |  0.24830 |  0.27164 |  0.29719 |  0.33092 |
| almost ordered  |  0.06113 |  0.08511 |  0.12896 |  0.15703 |  0.18018 |  0.24832 |  0.27156 |  0.29683 |  0.33065 |
| almost reversed |  0.06104 |  0.08496 |  0.12889 |  0.15689 |  0.18010 |  0.24809 |  0.27137 |  0.29685 |  0.33066 |

BUCKET SORT table
| starting array  |    10000 |    15000 |    20000 |    25000 |    30000 |    35000 |    40000 |    45000 |    50000 |
|-----------------+----------+----------+----------+----------+----------+----------+----------+----------+----------|
| random          |  0.00065 |  0.00095 |  0.00127 |  0.00157 |  0.00191 |  0.00227 |  0.00266 |  0.00296 |  0.00326 |
| ordered         |  0.00065 |  0.00096 |  0.00130 |  0.00158 |  0.00189 |  0.00230 |  0.00266 |  0.00298 |  0.00330 |
| reversed        |  0.00064 |  0.00094 |  0.00127 |  0.00157 |  0.00188 |  0.00231 |  0.00267 |  0.00298 |  0.00331 |
| almost ordered  |  0.00065 |  0.00094 |  0.00128 |  0.00156 |  0.00189 |  0.00230 |  0.00265 |  0.00298 |  0.00329 |
| almost reversed |  0.00064 |  0.00094 |  0.00128 |  0.00157 |  0.00188 |  0.00228 |  0.00265 |  0.00298 |  0.00333 |

MIN: 0
MAX: 1
CMP: 10

TIM SORT table
| starting array  |    10000 |    15000 |    20000 |    25000 |    30000 |    35000 |    40000 |    45000 |    50000 |
|-----------------+----------+----------+----------+----------+----------+----------+----------+----------+----------|
| random          |  0.01447 |  0.01248 |  0.01507 |  0.01902 |  0.02323 |  0.02657 |  0.03047 |  0.03438 |  0.03846 |
| ordered         |  0.00085 |  0.00127 |  0.00169 |  0.00212 |  0.00255 |  0.00298 |  0.00340 |  0.00382 |  0.00426 |
| reversed        |  0.00087 |  0.00130 |  0.00172 |  0.00216 |  0.00258 |  0.00300 |  0.00343 |  0.00385 |  0.00428 |
| almost ordered  |  0.00086 |  0.00127 |  0.00169 |  0.00212 |  0.00255 |  0.00298 |  0.00340 |  0.00382 |  0.00424 |
| almost reversed |  0.00086 |  0.00130 |  0.00171 |  0.00215 |  0.00258 |  0.00299 |  0.00342 |  0.00385 |  0.00430 |

QUICK SORT table
| starting array  |    10000 |    15000 |    20000 |    25000 |    30000 |    35000 |    40000 |    45000 |    50000 |
|-----------------+----------+----------+----------+----------+----------+----------+----------+----------+----------|
| random          |  0.01018 |  0.01676 |  0.02119 |  0.02874 |  0.03637 |  0.04264 |  0.04611 |  0.04950 |  0.05931 |
| ordered         |  0.01087 |  0.01471 |  0.02274 |  0.02722 |  0.03090 |  0.04406 |  0.04752 |  0.05168 |  0.05725 |
| reversed        |  0.01076 |  0.01466 |  0.02271 |  0.02721 |  0.03088 |  0.04405 |  0.04757 |  0.05188 |  0.05718 |
| almost ordered  |  0.01085 |  0.01462 |  0.02270 |  0.02719 |  0.03091 |  0.04405 |  0.04768 |  0.05162 |  0.05740 |
| almost reversed |  0.01080 |  0.01459 |  0.02273 |  0.02729 |  0.03088 |  0.04399 |  0.04759 |  0.05170 |  0.05695 |

BUCKET SORT table
| starting array  |    10000 |    15000 |    20000 |    25000 |    30000 |    35000 |    40000 |    45000 |    50000 |
|-----------------+----------+----------+----------+----------+----------+----------+----------+----------+----------|
| random          |  0.00067 |  0.00095 |  0.00127 |  0.00158 |  0.00188 |  0.00229 |  0.00270 |  0.00294 |  0.00331 |
| ordered         |  0.00063 |  0.00094 |  0.00127 |  0.00156 |  0.00190 |  0.00230 |  0.00267 |  0.00298 |  0.00330 |
| reversed        |  0.00063 |  0.00095 |  0.00127 |  0.00157 |  0.00188 |  0.00229 |  0.00265 |  0.00297 |  0.00330 |
| almost ordered  |  0.00065 |  0.00094 |  0.00127 |  0.00156 |  0.00189 |  0.00229 |  0.00265 |  0.00299 |  0.00335 |
| almost reversed |  0.00063 |  0.00094 |  0.00127 |  0.00157 |  0.00188 |  0.00229 |  0.00266 |  0.00301 |  0.00332 |

** Negative
MIN: -1000
MAX: 1000
CMP: 0

TIM SORT table
| starting array  |    10000 |    15000 |    20000 |    25000 |    30000 |    35000 |    40000 |    45000 |    50000 |
|-----------------+----------+----------+----------+----------+----------+----------+----------+----------+----------|
| random          |  0.02121 |  0.02128 |  0.02826 |  0.03626 |  0.04523 |  0.05195 |  0.05976 |  0.06769 |  0.07615 |
| ordered         |  0.00055 |  0.00080 |  0.00108 |  0.00133 |  0.00160 |  0.00187 |  0.00214 |  0.00243 |  0.00268 |
| reversed        |  0.00054 |  0.00081 |  0.00107 |  0.00133 |  0.00160 |  0.00187 |  0.00213 |  0.00241 |  0.00267 |
| almost ordered  |  0.00054 |  0.00081 |  0.00107 |  0.00133 |  0.00160 |  0.00187 |  0.00214 |  0.00240 |  0.00268 |
| almost reversed |  0.00054 |  0.00080 |  0.00107 |  0.00134 |  0.00161 |  0.00186 |  0.00214 |  0.00241 |  0.00267 |

QUICK SORT table
| starting array  |    10000 |    15000 |    20000 |    25000 |    30000 |    35000 |    40000 |    45000 |    50000 |
|-----------------+----------+----------+----------+----------+----------+----------+----------+----------+----------|
| random          |  0.00429 |  0.00649 |  0.00910 |  0.01148 |  0.01382 |  0.01595 |  0.01883 |  0.02098 |  0.02379 |
| ordered         |  0.00413 |  0.00521 |  0.00857 |  0.00985 |  0.01090 |  0.01677 |  0.01783 |  0.01893 |  0.02044 |
| reversed        |  0.00413 |  0.00520 |  0.00857 |  0.00982 |  0.01089 |  0.01673 |  0.01779 |  0.01894 |  0.02043 |
| almost ordered  |  0.00414 |  0.00520 |  0.00857 |  0.00982 |  0.01089 |  0.01674 |  0.01780 |  0.01894 |  0.02050 |
| almost reversed |  0.00413 |  0.00520 |  0.00857 |  0.00982 |  0.01089 |  0.01673 |  0.01783 |  0.01894 |  0.02044 |

INSERTION SORT table
| starting array  |    10000 |    15000 |    20000 |    25000 |    30000 |    35000 |    40000 |    45000 |    50000 |
|-----------------+----------+----------+----------+----------+----------+----------+----------+----------+----------|
| random          |  0.58594 |  1.32753 |  2.37983 |  3.72110 |  5.35417 |  7.28046 |  9.55698 | 12.06687 | 14.94487 |
| ordered         |  0.00020 |  0.00028 |  0.00037 |  0.00047 |  0.00056 |  0.00065 |  0.00075 |  0.00085 |  0.00093 |
| reversed        |  0.00019 |  0.00028 |  0.00037 |  0.00047 |  0.00056 |  0.00065 |  0.00075 |  0.00084 |  0.00094 |
| almost ordered  |  0.00019 |  0.00028 |  0.00037 |  0.00047 |  0.00056 |  0.00065 |  0.00075 |  0.00085 |  0.00093 |
| almost reversed |  0.00019 |  0.00029 |  0.00037 |  0.00047 |  0.00057 |  0.00065 |  0.00075 |  0.00084 |  0.00093 |

COCKTAIL SORT table
| starting array  |    10000 |    15000 |    20000 |    25000 |    30000 |    35000 |    40000 |    45000 |    50000 |
|-----------------+----------+----------+----------+----------+----------+----------+----------+----------+----------|
| random          |  0.90934 |  2.05825 |  3.67672 |  5.68883 |  8.27842 | 11.22912 | 14.66464 | 18.51087 | 22.85428 |
| ordered         |  0.00033 |  0.00048 |  0.00064 |  0.00080 |  0.00097 |  0.00112 |  0.00128 |  0.00144 |  0.00160 |
| reversed        |  0.00032 |  0.00048 |  0.00064 |  0.00080 |  0.00096 |  0.00112 |  0.00128 |  0.00144 |  0.00160 |
| almost ordered  |  0.00032 |  0.00048 |  0.00064 |  0.00080 |  0.00096 |  0.00112 |  0.00128 |  0.00144 |  0.00160 |
| almost reversed |  0.00032 |  0.00048 |  0.00064 |  0.00081 |  0.00096 |  0.00112 |  0.00128 |  0.00144 |  0.00160 |

BUCKET SORT table
| starting array  |    10000 |    15000 |    20000 |    25000 |    30000 |    35000 |    40000 |    45000 |    50000 |
|-----------------+----------+----------+----------+----------+----------+----------+----------+----------+----------|
| random          |  0.00426 |  0.00527 |  0.00619 |  0.00696 |  0.00753 |  0.00827 |  0.00905 |  0.00959 |  0.01012 |
| ordered         |  0.00104 |  0.00135 |  0.00170 |  0.00212 |  0.00234 |  0.00286 |  0.00314 |  0.00346 |  0.00378 |
| reversed        |  0.00105 |  0.00135 |  0.00170 |  0.00215 |  0.00234 |  0.00294 |  0.00314 |  0.00348 |  0.00382 |
| almost ordered  |  0.00104 |  0.00135 |  0.00171 |  0.00211 |  0.00234 |  0.00288 |  0.00313 |  0.00346 |  0.00380 |
| almost reversed |  0.00104 |  0.00136 |  0.00169 |  0.00212 |  0.00236 |  0.00288 |  0.00312 |  0.00347 |  0.00380 |

MIN: -1000
MAX: 1000
CMP: 1000

TIM SORT table
| starting array  |    10000 |    15000 |    20000 |    25000 |    30000 |    35000 |    40000 |    45000 |    50000 |
|-----------------+----------+----------+----------+----------+----------+----------+----------+----------+----------|
| random          |  0.40873 |  0.62499 |  0.86539 |  1.10388 |  1.34615 |  1.61709 |  1.85497 |  2.09523 |  2.34372 |
| ordered         |  0.03187 |  0.04781 |  0.06366 |  0.07964 |  0.09556 |  0.11154 |  0.12763 |  0.14351 |  0.15927 |
| reversed        |  0.03188 |  0.04776 |  0.06372 |  0.07964 |  0.09554 |  0.11150 |  0.12746 |  0.14337 |  0.15929 |
| almost ordered  |  0.03185 |  0.04781 |  0.06368 |  0.07964 |  0.09556 |  0.11149 |  0.12741 |  0.14340 |  0.15926 |
| almost reversed |  0.03191 |  0.04779 |  0.06378 |  0.07963 |  0.09556 |  0.11153 |  0.12741 |  0.14345 |  0.15940 |

QUICK SORT table
| starting array  |    10000 |    15000 |    20000 |    25000 |    30000 |    35000 |    40000 |    45000 |    50000 |
|-----------------+----------+----------+----------+----------+----------+----------+----------+----------+----------|
| random          |  0.62774 |  0.97837 |  1.30259 |  1.65557 |  2.06060 |  2.46013 |  2.85932 |  3.20778 |  3.47921 |
| ordered         |  0.55538 |  0.77655 |  1.17363 |  1.43177 |  1.64734 |  2.25730 |  2.47284 |  2.70884 |  3.02090 |
| reversed        |  0.55538 |  0.77642 |  1.17373 |  1.43173 |  1.64731 |  2.25710 |  2.47297 |  2.70848 |  3.02087 |
| almost ordered  |  0.55533 |  0.77634 |  1.17353 |  1.43175 |  1.64735 |  2.25711 |  2.47293 |  2.70857 |  3.02074 |
| almost reversed |  0.55535 |  0.77641 |  1.17358 |  1.43196 |  1.64737 |  2.25725 |  2.47301 |  2.70889 |  3.02108 |

BUCKET SORT table
| starting array  |    10000 |    15000 |    20000 |    25000 |    30000 |    35000 |    40000 |    45000 |    50000 |
|-----------------+----------+----------+----------+----------+----------+----------+----------+----------+----------|
| random          |  0.00425 |  0.00527 |  0.00615 |  0.00702 |  0.00754 |  0.00829 |  0.00916 |  0.00964 |  0.01028 |
| ordered         |  0.00105 |  0.00137 |  0.00171 |  0.00214 |  0.00234 |  0.00288 |  0.00316 |  0.00348 |  0.00382 |
| reversed        |  0.00106 |  0.00136 |  0.00172 |  0.00212 |  0.00233 |  0.00288 |  0.00315 |  0.00347 |  0.00384 |
| almost ordered  |  0.00106 |  0.00136 |  0.00171 |  0.00212 |  0.00236 |  0.00290 |  0.00314 |  0.00354 |  0.00384 |
| almost reversed |  0.00104 |  0.00137 |  0.00169 |  0.00214 |  0.00235 |  0.00288 |  0.00325 |  0.00350 |  0.00380 |

MIN: -1000
MAX: 1000
CMP: 100

TIM SORT table
| starting array  |    10000 |    15000 |    20000 |    25000 |    30000 |    35000 |    40000 |    45000 |    50000 |
|-----------------+----------+----------+----------+----------+----------+----------+----------+----------+----------|
| random          |  0.06435 |  0.08320 |  0.11419 |  0.14582 |  0.17843 |  0.21281 |  0.24410 |  0.27613 |  0.30878 |
| ordered         |  0.00381 |  0.00570 |  0.00760 |  0.00950 |  0.01139 |  0.01329 |  0.01519 |  0.01712 |  0.01904 |
| reversed        |  0.00381 |  0.00570 |  0.00759 |  0.00949 |  0.01139 |  0.01329 |  0.01520 |  0.01708 |  0.01897 |
| almost ordered  |  0.00380 |  0.00571 |  0.00759 |  0.00949 |  0.01140 |  0.01330 |  0.01520 |  0.01709 |  0.01899 |
| almost reversed |  0.00380 |  0.00570 |  0.00760 |  0.00949 |  0.01140 |  0.01330 |  0.01519 |  0.01710 |  0.01899 |

QUICK SORT table
| starting array  |    10000 |    15000 |    20000 |    25000 |    30000 |    35000 |    40000 |    45000 |    50000 |
|-----------------+----------+----------+----------+----------+----------+----------+----------+----------+----------|
| random          |  0.07240 |  0.10390 |  0.14377 |  0.18423 |  0.22930 |  0.25560 |  0.29901 |  0.35072 |  0.37345 |
| ordered         |  0.06103 |  0.08492 |  0.12884 |  0.15682 |  0.18002 |  0.24804 |  0.27128 |  0.29676 |  0.33056 |
| reversed        |  0.06104 |  0.08491 |  0.12886 |  0.15678 |  0.18002 |  0.24802 |  0.27129 |  0.29676 |  0.33054 |
| almost ordered  |  0.06104 |  0.08492 |  0.12887 |  0.15679 |  0.18002 |  0.24802 |  0.27129 |  0.29675 |  0.33053 |
| almost reversed |  0.06104 |  0.08491 |  0.12885 |  0.15683 |  0.18002 |  0.24803 |  0.27133 |  0.29676 |  0.33055 |

BUCKET SORT table
| starting array  |    10000 |    15000 |    20000 |    25000 |    30000 |    35000 |    40000 |    45000 |    50000 |
|-----------------+----------+----------+----------+----------+----------+----------+----------+----------+----------|
| random          |  0.00423 |  0.00532 |  0.00612 |  0.00700 |  0.00753 |  0.00828 |  0.00915 |  0.00961 |  0.01017 |
| ordered         |  0.00104 |  0.00135 |  0.00171 |  0.00211 |  0.00234 |  0.00293 |  0.00316 |  0.00348 |  0.00381 |
| reversed        |  0.00104 |  0.00137 |  0.00170 |  0.00214 |  0.00235 |  0.00290 |  0.00315 |  0.00348 |  0.00385 |
| almost ordered  |  0.00104 |  0.00136 |  0.00169 |  0.00213 |  0.00234 |  0.00289 |  0.00315 |  0.00350 |  0.00382 |
| almost reversed |  0.00105 |  0.00135 |  0.00170 |  0.00213 |  0.00234 |  0.00289 |  0.00314 |  0.00347 |  0.00382 |

MIN: -1000
MAX: 1000
CMP: 10

TIM SORT table
| starting array  |    10000 |    15000 |    20000 |    25000 |    30000 |    35000 |    40000 |    45000 |    50000 |
|-----------------+----------+----------+----------+----------+----------+----------+----------+----------+----------|
| random          |  0.02640 |  0.02765 |  0.03744 |  0.04768 |  0.05950 |  0.06941 |  0.07959 |  0.09006 |  0.10072 |
| ordered         |  0.00085 |  0.00127 |  0.00170 |  0.00212 |  0.00254 |  0.00300 |  0.00341 |  0.00385 |  0.00427 |
| reversed        |  0.00085 |  0.00129 |  0.00171 |  0.00213 |  0.00255 |  0.00300 |  0.00342 |  0.00384 |  0.00425 |
| almost ordered  |  0.00086 |  0.00129 |  0.00170 |  0.00212 |  0.00256 |  0.00299 |  0.00340 |  0.00385 |  0.00427 |
| almost reversed |  0.00085 |  0.00130 |  0.00171 |  0.00213 |  0.00256 |  0.00298 |  0.00342 |  0.00383 |  0.00427 |

QUICK SORT table
| starting array  |    10000 |    15000 |    20000 |    25000 |    30000 |    35000 |    40000 |    45000 |    50000 |
|-----------------+----------+----------+----------+----------+----------+----------+----------+----------+----------|
| random          |  0.01098 |  0.01681 |  0.02298 |  0.03069 |  0.03735 |  0.04289 |  0.05092 |  0.05512 |  0.06159 |
| ordered         |  0.01085 |  0.01482 |  0.02285 |  0.02730 |  0.03106 |  0.04427 |  0.04789 |  0.05219 |  0.05761 |
| reversed        |  0.01086 |  0.01475 |  0.02293 |  0.02732 |  0.03112 |  0.04446 |  0.04777 |  0.05186 |  0.05754 |
| almost ordered  |  0.01087 |  0.01471 |  0.02284 |  0.02735 |  0.03100 |  0.04443 |  0.04799 |  0.05230 |  0.05749 |
| almost reversed |  0.01092 |  0.01471 |  0.02289 |  0.02731 |  0.03112 |  0.04411 |  0.04807 |  0.05209 |  0.05737 |

BUCKET SORT table
| starting array  |    10000 |    15000 |    20000 |    25000 |    30000 |    35000 |    40000 |    45000 |    50000 |
|-----------------+----------+----------+----------+----------+----------+----------+----------+----------+----------|
| random          |  0.00429 |  0.00531 |  0.00617 |  0.00703 |  0.00758 |  0.00830 |  0.00914 |  0.00965 |  0.01020 |
| ordered         |  0.00105 |  0.00137 |  0.00175 |  0.00213 |  0.00234 |  0.00289 |  0.00316 |  0.00357 |  0.00386 |
| reversed        |  0.00105 |  0.00136 |  0.00175 |  0.00216 |  0.00235 |  0.00296 |  0.00318 |  0.00347 |  0.00382 |
| almost ordered  |  0.00104 |  0.00136 |  0.00173 |  0.00212 |  0.00236 |  0.00290 |  0.00313 |  0.00347 |  0.00382 |
| almost reversed |  0.00106 |  0.00135 |  0.00176 |  0.00213 |  0.00236 |  0.00288 |  0.00314 |  0.00350 |  0.00381 |

** Wide
MIN: 0
MAX: 100000
CMP: 0

TIM SORT table
| starting array  |    10000 |    15000 |    20000 |    25000 |    30000 |    35000 |    40000 |    45000 |    50000 |
|-----------------+----------+----------+----------+----------+----------+----------+----------+----------+----------|
| random          |  0.01340 |  0.02123 |  0.02829 |  0.03633 |  0.04481 |  0.05177 |  0.05978 |  0.06806 |  0.07681 |
| ordered         |  0.00054 |  0.00080 |  0.00107 |  0.00135 |  0.00161 |  0.00188 |  0.00213 |  0.00241 |  0.00269 |
| reversed        |  0.00078 |  0.00116 |  0.00155 |  0.00194 |  0.00232 |  0.00272 |  0.00311 |  0.00350 |  0.00388 |
| almost ordered  |  0.00800 |  0.01273 |  0.01668 |  0.02148 |  0.02627 |  0.03009 |  0.03476 |  0.03961 |  0.04453 |
| almost reversed |  0.01030 |  0.01806 |  0.02126 |  0.02872 |  0.03697 |  0.03728 |  0.04394 |  0.05121 |  0.05935 |

QUICK SORT table
| starting array  |    10000 |    15000 |    20000 |    25000 |    30000 |    35000 |    40000 |    45000 |    50000 |
|-----------------+----------+----------+----------+----------+----------+----------+----------+----------+----------|
| random          |  0.00386 |  0.00585 |  0.00806 |  0.01028 |  0.01252 |  0.01464 |  0.01735 |  0.01927 |  0.02194 |
| ordered         |  0.00283 |  0.00425 |  0.00553 |  0.00671 |  0.00801 |  0.00911 |  0.01006 |  0.01101 |  0.01187 |
| reversed        |  0.00232 |  0.00373 |  0.00528 |  0.00692 |  0.00810 |  0.00925 |  0.01019 |  0.01115 |  0.01205 |
| almost ordered  |  0.00303 |  0.00454 |  0.00599 |  0.00736 |  0.00865 |  0.00997 |  0.01110 |  0.01219 |  0.01321 |
| almost reversed |  0.00324 |  0.00500 |  0.00680 |  0.00860 |  0.01057 |  0.01245 |  0.01444 |  0.01641 |  0.01822 |

INSERTION SORT table
| starting array  |    10000 |    15000 |    20000 |    25000 |    30000 |    35000 |    40000 |    45000 |    50000 |
|-----------------+----------+----------+----------+----------+----------+----------+----------+----------+----------|
| random          |  0.59481 |  1.34473 |  2.37103 |  3.72546 |  5.39857 |  7.27316 |  9.46845 | 12.02926 | 14.85621 |
| ordered         |  0.00019 |  0.00028 |  0.00037 |  0.00047 |  0.00057 |  0.00065 |  0.00075 |  0.00085 |  0.00093 |
| reversed        |  1.18773 |  2.67487 |  4.75713 |  7.43457 | 10.70676 | 14.57405 | 19.03857 | 24.09395 | 29.74604 |
| almost ordered  |  0.13869 |  0.30766 |  0.55595 |  0.85204 |  1.26113 |  1.70642 |  2.20207 |  2.84103 |  3.42578 |
| almost reversed |  1.04694 |  2.36316 |  4.20348 |  6.59116 |  9.49558 | 12.88831 | 16.86559 | 21.31650 | 26.27917 |

COCKTAIL SORT table
| starting array  |    10000 |    15000 |    20000 |    25000 |    30000 |    35000 |    40000 |    45000 |    50000 |
|-----------------+----------+----------+----------+----------+----------+----------+----------+----------+----------|
| random          |  0.91025 |  2.06506 |  3.63275 |  5.70531 |  8.21240 | 11.26991 | 14.67940 | 18.55954 | 22.87617 |
| ordered         |  0.00032 |  0.00048 |  0.00064 |  0.00081 |  0.00096 |  0.00112 |  0.00128 |  0.00144 |  0.00159 |
| reversed        |  1.30209 |  2.93176 |  5.21442 |  8.15016 | 11.73890 | 15.98078 | 20.87580 | 26.42346 | 32.62649 |
| almost ordered  |  0.20364 |  0.45309 |  0.80148 |  1.24999 |  1.78449 |  2.49016 |  3.16836 |  4.10175 |  4.94173 |
| almost reversed |  1.25029 |  2.81226 |  5.00789 |  7.82073 | 11.26148 | 15.34288 | 20.01801 | 25.37764 | 31.33251 |

BUCKET SORT table
| starting array  |    10000 |    15000 |    20000 |    25000 |    30000 |    35000 |    40000 |    45000 |    50000 |
|-----------------+----------+----------+----------+----------+----------+----------+----------+----------+----------|
| random          |  0.02935 |  0.03458 |  0.04131 |  0.04638 |  0.05156 |  0.05678 |  0.06202 |  0.06738 |  0.07251 |
| ordered         |  0.02916 |  0.03133 |  0.03392 |  0.03660 |  0.03940 |  0.04197 |  0.04461 |  0.04738 |  0.05019 |
| reversed        |  0.02918 |  0.03145 |  0.03410 |  0.03674 |  0.03951 |  0.04226 |  0.04493 |  0.04775 |  0.05097 |
| almost ordered  |  0.02993 |  0.03279 |  0.03591 |  0.03923 |  0.04253 |  0.04577 |  0.04911 |  0.05247 |  0.05609 |
| almost reversed |  0.02978 |  0.03292 |  0.03598 |  0.03922 |  0.04254 |  0.04589 |  0.04913 |  0.05255 |  0.05613 |

MIN: 0
MAX: 100000
CMP: 1000

TIM SORT table
| starting array  |    10000 |    15000 |    20000 |    25000 |    30000 |    35000 |    40000 |    45000 |    50000 |
|-----------------+----------+----------+----------+----------+----------+----------+----------+----------+----------|
| random          |  0.40882 |  0.62377 |  0.86459 |  1.10201 |  1.34449 |  1.61004 |  1.85783 |  2.10736 |  2.36449 |
| ordered         |  0.03184 |  0.04775 |  0.06374 |  0.07963 |  0.09563 |  0.11151 |  0.12744 |  0.14405 |  0.16005 |
| reversed        |  0.03207 |  0.04818 |  0.06413 |  0.08026 |  0.09626 |  0.11230 |  0.12839 |  0.14456 |  0.16067 |
| almost ordered  |  0.22953 |  0.35929 |  0.46823 |  0.59694 |  0.75080 |  0.83382 |  0.97843 |  1.10563 |  1.23707 |
| almost reversed |  0.23435 |  0.37442 |  0.48586 |  0.62923 |  0.78065 |  0.86861 |  1.00583 |  1.15024 |  1.29999 |

QUICK SORT table
| starting array  |    10000 |    15000 |    20000 |    25000 |    30000 |    35000 |    40000 |    45000 |    50000 |
|-----------------+----------+----------+----------+----------+----------+----------+----------+----------+----------|
| random          |  0.58736 |  0.95725 |  1.35594 |  1.73209 |  2.02585 |  2.47610 |  2.97083 |  3.35117 |  3.62154 |
| ordered         |  0.49625 |  0.75777 |  1.01714 |  1.26136 |  1.52454 |  1.77159 |  2.00775 |  2.23721 |  2.46438 |
| reversed        |  0.43987 |  0.69957 |  0.98203 |  1.27467 |  1.52236 |  1.76902 |  2.00715 |  2.23782 |  2.46470 |
| almost ordered  |  0.50170 |  0.77079 |  1.05473 |  1.32085 |  1.58816 |  1.82752 |  2.06983 |  2.34701 |  2.57107 |
| almost reversed |  0.53496 |  0.91790 |  1.16560 |  1.51121 |  1.84870 |  2.08829 |  2.68883 |  2.79221 |  3.09271 |

BUCKET SORT table
| starting array  |    10000 |    15000 |    20000 |    25000 |    30000 |    35000 |    40000 |    45000 |    50000 |
|-----------------+----------+----------+----------+----------+----------+----------+----------+----------+----------|
| random          |  0.02959 |  0.03488 |  0.04162 |  0.04666 |  0.05195 |  0.05702 |  0.06226 |  0.06748 |  0.07296 |
| ordered         |  0.02943 |  0.03146 |  0.03420 |  0.03687 |  0.03960 |  0.04230 |  0.04492 |  0.04770 |  0.05049 |
| reversed        |  0.02937 |  0.03171 |  0.03431 |  0.03692 |  0.03985 |  0.04246 |  0.04530 |  0.04793 |  0.05110 |
| almost ordered  |  0.03008 |  0.03300 |  0.03628 |  0.03934 |  0.04270 |  0.04609 |  0.04936 |  0.05283 |  0.05633 |
| almost reversed |  0.03001 |  0.03308 |  0.03629 |  0.03952 |  0.04287 |  0.04624 |  0.04949 |  0.05298 |  0.05634 |

MIN: 0
MAX: 100000
CMP: 100

TIM SORT table
| starting array  |    10000 |    15000 |    20000 |    25000 |    30000 |    35000 |    40000 |    45000 |    50000 |
|-----------------+----------+----------+----------+----------+----------+----------+----------+----------+----------|
| random          |  0.06395 |  0.08300 |  0.11414 |  0.14565 |  0.17796 |  0.21161 |  0.24389 |  0.27723 |  0.31098 |
| ordered         |  0.00381 |  0.00569 |  0.00760 |  0.00950 |  0.01139 |  0.01329 |  0.01520 |  0.01709 |  0.01899 |
| reversed        |  0.00404 |  0.00605 |  0.00806 |  0.01007 |  0.01209 |  0.01410 |  0.01611 |  0.01817 |  0.02015 |
| almost ordered  |  0.03072 |  0.04873 |  0.06376 |  0.08184 |  0.10107 |  0.11421 |  0.13222 |  0.15130 |  0.16934 |
| almost reversed |  0.03395 |  0.05522 |  0.06956 |  0.09114 |  0.11348 |  0.12354 |  0.14394 |  0.16417 |  0.18779 |

QUICK SORT table
| starting array  |    10000 |    15000 |    20000 |    25000 |    30000 |    35000 |    40000 |    45000 |    50000 |
|-----------------+----------+----------+----------+----------+----------+----------+----------+----------+----------|
| random          |  0.06873 |  0.10733 |  0.13918 |  0.19116 |  0.21972 |  0.26916 |  0.29823 |  0.34874 |  0.38561 |
| ordered         |  0.05360 |  0.08176 |  0.10958 |  0.13563 |  0.16366 |  0.18992 |  0.21534 |  0.23984 |  0.26378 |
| reversed        |  0.04731 |  0.07528 |  0.10570 |  0.13726 |  0.16384 |  0.19013 |  0.21551 |  0.24006 |  0.26411 |
| almost ordered  |  0.05541 |  0.08451 |  0.11610 |  0.14420 |  0.17466 |  0.19878 |  0.22651 |  0.25413 |  0.27478 |
| almost reversed |  0.06551 |  0.08895 |  0.12405 |  0.15874 |  0.19259 |  0.23096 |  0.26789 |  0.30149 |  0.33885 |

BUCKET SORT table
| starting array  |    10000 |    15000 |    20000 |    25000 |    30000 |    35000 |    40000 |    45000 |    50000 |
|-----------------+----------+----------+----------+----------+----------+----------+----------+----------+----------|
| random          |  0.02949 |  0.03469 |  0.04139 |  0.04649 |  0.05152 |  0.05690 |  0.06210 |  0.06733 |  0.07272 |
| ordered         |  0.02918 |  0.03132 |  0.03389 |  0.03661 |  0.03937 |  0.04193 |  0.04465 |  0.04731 |  0.05012 |
| reversed        |  0.02915 |  0.03143 |  0.03413 |  0.03674 |  0.03944 |  0.04228 |  0.04499 |  0.04773 |  0.05093 |
| almost ordered  |  0.02988 |  0.03276 |  0.03594 |  0.03922 |  0.04253 |  0.04578 |  0.04914 |  0.05248 |  0.05642 |
| almost reversed |  0.02977 |  0.03291 |  0.03600 |  0.03922 |  0.04253 |  0.04588 |  0.04936 |  0.05257 |  0.05608 |

MIN: 0
MAX: 100000
CMP: 10

TIM SORT table
| starting array  |    10000 |    15000 |    20000 |    25000 |    30000 |    35000 |    40000 |    45000 |    50000 |
|-----------------+----------+----------+----------+----------+----------+----------+----------+----------+----------|
| random          |  0.02678 |  0.02763 |  0.03738 |  0.04778 |  0.05878 |  0.06868 |  0.07928 |  0.08998 |  0.10110 |
| ordered         |  0.00086 |  0.00127 |  0.00171 |  0.00214 |  0.00257 |  0.00298 |  0.00342 |  0.00383 |  0.00427 |
| reversed        |  0.00108 |  0.00162 |  0.00218 |  0.00271 |  0.00324 |  0.00380 |  0.00432 |  0.00488 |  0.00542 |
| almost ordered  |  0.01081 |  0.01694 |  0.02243 |  0.02860 |  0.03492 |  0.03987 |  0.04587 |  0.05224 |  0.05876 |
| almost reversed |  0.01310 |  0.02230 |  0.02715 |  0.03588 |  0.04538 |  0.04701 |  0.05518 |  0.06388 |  0.07372 |

QUICK SORT table
| starting array  |    10000 |    15000 |    20000 |    25000 |    30000 |    35000 |    40000 |    45000 |    50000 |
|-----------------+----------+----------+----------+----------+----------+----------+----------+----------+----------|
| random          |  0.01075 |  0.01828 |  0.02329 |  0.02868 |  0.03505 |  0.04122 |  0.04889 |  0.05559 |  0.06104 |
| ordered         |  0.00832 |  0.01254 |  0.01670 |  0.02019 |  0.02441 |  0.02819 |  0.03154 |  0.03461 |  0.03751 |
| reversed        |  0.00712 |  0.01141 |  0.01601 |  0.02084 |  0.02475 |  0.02855 |  0.03198 |  0.03524 |  0.03803 |
| almost ordered  |  0.00924 |  0.01375 |  0.01801 |  0.02219 |  0.02590 |  0.02994 |  0.03381 |  0.03792 |  0.04097 |
| almost reversed |  0.00962 |  0.01524 |  0.02098 |  0.02754 |  0.03023 |  0.03548 |  0.04083 |  0.04693 |  0.05232 |

BUCKET SORT table
| starting array  |    10000 |    15000 |    20000 |    25000 |    30000 |    35000 |    40000 |    45000 |    50000 |
|-----------------+----------+----------+----------+----------+----------+----------+----------+----------+----------|
| random          |  0.02954 |  0.03478 |  0.04181 |  0.04654 |  0.05188 |  0.05705 |  0.06249 |  0.06765 |  0.07290 |
| ordered         |  0.02954 |  0.03149 |  0.03407 |  0.03691 |  0.03961 |  0.04211 |  0.04506 |  0.04762 |  0.05061 |
| reversed        |  0.02925 |  0.03162 |  0.03432 |  0.03698 |  0.03971 |  0.04240 |  0.04524 |  0.04807 |  0.05133 |
| almost ordered  |  0.03019 |  0.03296 |  0.03609 |  0.03949 |  0.04283 |  0.04613 |  0.04946 |  0.05297 |  0.05639 |
| almost reversed |  0.02988 |  0.03317 |  0.03623 |  0.03956 |  0.04283 |  0.04615 |  0.04945 |  0.05282 |  0.05667 |

