MIN: -1000
MAX: 1000
CMP: 100

TIM SORT table
| starting array  |    10000 |    15000 |    20000 |    25000 |    30000 |    35000 |    40000 |    45000 |    50000 |
|-----------------+----------+----------+----------+----------+----------+----------+----------+----------+----------|
| random          |  0.06435 |  0.08320 |  0.11419 |  0.14582 |  0.17843 |  0.21281 |  0.24410 |  0.27613 |  0.30878 |
| ordered         |  0.00381 |  0.00570 |  0.00760 |  0.00950 |  0.01139 |  0.01329 |  0.01519 |  0.01712 |  0.01904 |
| reversed        |  0.00381 |  0.00570 |  0.00759 |  0.00949 |  0.01139 |  0.01329 |  0.01520 |  0.01708 |  0.01897 |
| almost ordered  |  0.00380 |  0.00571 |  0.00759 |  0.00949 |  0.01140 |  0.01330 |  0.01520 |  0.01709 |  0.01899 |
| almost reversed |  0.00380 |  0.00570 |  0.00760 |  0.00949 |  0.01140 |  0.01330 |  0.01519 |  0.01710 |  0.01899 |

QUICK SORT table
| starting array  |    10000 |    15000 |    20000 |    25000 |    30000 |    35000 |    40000 |    45000 |    50000 |
|-----------------+----------+----------+----------+----------+----------+----------+----------+----------+----------|
| random          |  0.07240 |  0.10390 |  0.14377 |  0.18423 |  0.22930 |  0.25560 |  0.29901 |  0.35072 |  0.37345 |
| ordered         |  0.06103 |  0.08492 |  0.12884 |  0.15682 |  0.18002 |  0.24804 |  0.27128 |  0.29676 |  0.33056 |
| reversed        |  0.06104 |  0.08491 |  0.12886 |  0.15678 |  0.18002 |  0.24802 |  0.27129 |  0.29676 |  0.33054 |
| almost ordered  |  0.06104 |  0.08492 |  0.12887 |  0.15679 |  0.18002 |  0.24802 |  0.27129 |  0.29675 |  0.33053 |
| almost reversed |  0.06104 |  0.08491 |  0.12885 |  0.15683 |  0.18002 |  0.24803 |  0.27133 |  0.29676 |  0.33055 |

BUCKET SORT table
| starting array  |    10000 |    15000 |    20000 |    25000 |    30000 |    35000 |    40000 |    45000 |    50000 |
|-----------------+----------+----------+----------+----------+----------+----------+----------+----------+----------|
| random          |  0.00423 |  0.00532 |  0.00612 |  0.00700 |  0.00753 |  0.00828 |  0.00915 |  0.00961 |  0.01017 |
| ordered         |  0.00104 |  0.00135 |  0.00171 |  0.00211 |  0.00234 |  0.00293 |  0.00316 |  0.00348 |  0.00381 |
| reversed        |  0.00104 |  0.00137 |  0.00170 |  0.00214 |  0.00235 |  0.00290 |  0.00315 |  0.00348 |  0.00385 |
| almost ordered  |  0.00104 |  0.00136 |  0.00169 |  0.00213 |  0.00234 |  0.00289 |  0.00315 |  0.00350 |  0.00382 |
| almost reversed |  0.00105 |  0.00135 |  0.00170 |  0.00213 |  0.00234 |  0.00289 |  0.00314 |  0.00347 |  0.00382 |

