MIN: -1000
MAX: 1000
CMP: 10

TIM SORT table
| starting array  |    10000 |    15000 |    20000 |    25000 |    30000 |    35000 |    40000 |    45000 |    50000 |
|-----------------+----------+----------+----------+----------+----------+----------+----------+----------+----------|
| random          |  0.02640 |  0.02765 |  0.03744 |  0.04768 |  0.05950 |  0.06941 |  0.07959 |  0.09006 |  0.10072 |
| ordered         |  0.00085 |  0.00127 |  0.00170 |  0.00212 |  0.00254 |  0.00300 |  0.00341 |  0.00385 |  0.00427 |
| reversed        |  0.00085 |  0.00129 |  0.00171 |  0.00213 |  0.00255 |  0.00300 |  0.00342 |  0.00384 |  0.00425 |
| almost ordered  |  0.00086 |  0.00129 |  0.00170 |  0.00212 |  0.00256 |  0.00299 |  0.00340 |  0.00385 |  0.00427 |
| almost reversed |  0.00085 |  0.00130 |  0.00171 |  0.00213 |  0.00256 |  0.00298 |  0.00342 |  0.00383 |  0.00427 |

QUICK SORT table
| starting array  |    10000 |    15000 |    20000 |    25000 |    30000 |    35000 |    40000 |    45000 |    50000 |
|-----------------+----------+----------+----------+----------+----------+----------+----------+----------+----------|
| random          |  0.01098 |  0.01681 |  0.02298 |  0.03069 |  0.03735 |  0.04289 |  0.05092 |  0.05512 |  0.06159 |
| ordered         |  0.01085 |  0.01482 |  0.02285 |  0.02730 |  0.03106 |  0.04427 |  0.04789 |  0.05219 |  0.05761 |
| reversed        |  0.01086 |  0.01475 |  0.02293 |  0.02732 |  0.03112 |  0.04446 |  0.04777 |  0.05186 |  0.05754 |
| almost ordered  |  0.01087 |  0.01471 |  0.02284 |  0.02735 |  0.03100 |  0.04443 |  0.04799 |  0.05230 |  0.05749 |
| almost reversed |  0.01092 |  0.01471 |  0.02289 |  0.02731 |  0.03112 |  0.04411 |  0.04807 |  0.05209 |  0.05737 |

BUCKET SORT table
| starting array  |    10000 |    15000 |    20000 |    25000 |    30000 |    35000 |    40000 |    45000 |    50000 |
|-----------------+----------+----------+----------+----------+----------+----------+----------+----------+----------|
| random          |  0.00429 |  0.00531 |  0.00617 |  0.00703 |  0.00758 |  0.00830 |  0.00914 |  0.00965 |  0.01020 |
| ordered         |  0.00105 |  0.00137 |  0.00175 |  0.00213 |  0.00234 |  0.00289 |  0.00316 |  0.00357 |  0.00386 |
| reversed        |  0.00105 |  0.00136 |  0.00175 |  0.00216 |  0.00235 |  0.00296 |  0.00318 |  0.00347 |  0.00382 |
| almost ordered  |  0.00104 |  0.00136 |  0.00173 |  0.00212 |  0.00236 |  0.00290 |  0.00313 |  0.00347 |  0.00382 |
| almost reversed |  0.00106 |  0.00135 |  0.00176 |  0.00213 |  0.00236 |  0.00288 |  0.00314 |  0.00350 |  0.00381 |

