MIN: -1000
MAX: 1000
CMP: 0

TIM SORT table
| starting array  |    10000 |    15000 |    20000 |    25000 |    30000 |    35000 |    40000 |    45000 |    50000 |
|-----------------+----------+----------+----------+----------+----------+----------+----------+----------+----------|
| random          |  0.02121 |  0.02128 |  0.02826 |  0.03626 |  0.04523 |  0.05195 |  0.05976 |  0.06769 |  0.07615 |
| ordered         |  0.00055 |  0.00080 |  0.00108 |  0.00133 |  0.00160 |  0.00187 |  0.00214 |  0.00243 |  0.00268 |
| reversed        |  0.00054 |  0.00081 |  0.00107 |  0.00133 |  0.00160 |  0.00187 |  0.00213 |  0.00241 |  0.00267 |
| almost ordered  |  0.00054 |  0.00081 |  0.00107 |  0.00133 |  0.00160 |  0.00187 |  0.00214 |  0.00240 |  0.00268 |
| almost reversed |  0.00054 |  0.00080 |  0.00107 |  0.00134 |  0.00161 |  0.00186 |  0.00214 |  0.00241 |  0.00267 |

QUICK SORT table
| starting array  |    10000 |    15000 |    20000 |    25000 |    30000 |    35000 |    40000 |    45000 |    50000 |
|-----------------+----------+----------+----------+----------+----------+----------+----------+----------+----------|
| random          |  0.00429 |  0.00649 |  0.00910 |  0.01148 |  0.01382 |  0.01595 |  0.01883 |  0.02098 |  0.02379 |
| ordered         |  0.00413 |  0.00521 |  0.00857 |  0.00985 |  0.01090 |  0.01677 |  0.01783 |  0.01893 |  0.02044 |
| reversed        |  0.00413 |  0.00520 |  0.00857 |  0.00982 |  0.01089 |  0.01673 |  0.01779 |  0.01894 |  0.02043 |
| almost ordered  |  0.00414 |  0.00520 |  0.00857 |  0.00982 |  0.01089 |  0.01674 |  0.01780 |  0.01894 |  0.02050 |
| almost reversed |  0.00413 |  0.00520 |  0.00857 |  0.00982 |  0.01089 |  0.01673 |  0.01783 |  0.01894 |  0.02044 |

INSERTION SORT table
| starting array  |    10000 |    15000 |    20000 |    25000 |    30000 |    35000 |    40000 |    45000 |    50000 |
|-----------------+----------+----------+----------+----------+----------+----------+----------+----------+----------|
| random          |  0.58594 |  1.32753 |  2.37983 |  3.72110 |  5.35417 |  7.28046 |  9.55698 | 12.06687 | 14.94487 |
| ordered         |  0.00020 |  0.00028 |  0.00037 |  0.00047 |  0.00056 |  0.00065 |  0.00075 |  0.00085 |  0.00093 |
| reversed        |  0.00019 |  0.00028 |  0.00037 |  0.00047 |  0.00056 |  0.00065 |  0.00075 |  0.00084 |  0.00094 |
| almost ordered  |  0.00019 |  0.00028 |  0.00037 |  0.00047 |  0.00056 |  0.00065 |  0.00075 |  0.00085 |  0.00093 |
| almost reversed |  0.00019 |  0.00029 |  0.00037 |  0.00047 |  0.00057 |  0.00065 |  0.00075 |  0.00084 |  0.00093 |

COCKTAIL SORT table
| starting array  |    10000 |    15000 |    20000 |    25000 |    30000 |    35000 |    40000 |    45000 |    50000 |
|-----------------+----------+----------+----------+----------+----------+----------+----------+----------+----------|
| random          |  0.90934 |  2.05825 |  3.67672 |  5.68883 |  8.27842 | 11.22912 | 14.66464 | 18.51087 | 22.85428 |
| ordered         |  0.00033 |  0.00048 |  0.00064 |  0.00080 |  0.00097 |  0.00112 |  0.00128 |  0.00144 |  0.00160 |
| reversed        |  0.00032 |  0.00048 |  0.00064 |  0.00080 |  0.00096 |  0.00112 |  0.00128 |  0.00144 |  0.00160 |
| almost ordered  |  0.00032 |  0.00048 |  0.00064 |  0.00080 |  0.00096 |  0.00112 |  0.00128 |  0.00144 |  0.00160 |
| almost reversed |  0.00032 |  0.00048 |  0.00064 |  0.00081 |  0.00096 |  0.00112 |  0.00128 |  0.00144 |  0.00160 |

BUCKET SORT table
| starting array  |    10000 |    15000 |    20000 |    25000 |    30000 |    35000 |    40000 |    45000 |    50000 |
|-----------------+----------+----------+----------+----------+----------+----------+----------+----------+----------|
| random          |  0.00426 |  0.00527 |  0.00619 |  0.00696 |  0.00753 |  0.00827 |  0.00905 |  0.00959 |  0.01012 |
| ordered         |  0.00104 |  0.00135 |  0.00170 |  0.00212 |  0.00234 |  0.00286 |  0.00314 |  0.00346 |  0.00378 |
| reversed        |  0.00105 |  0.00135 |  0.00170 |  0.00215 |  0.00234 |  0.00294 |  0.00314 |  0.00348 |  0.00382 |
| almost ordered  |  0.00104 |  0.00135 |  0.00171 |  0.00211 |  0.00234 |  0.00288 |  0.00313 |  0.00346 |  0.00380 |
| almost reversed |  0.00104 |  0.00136 |  0.00169 |  0.00212 |  0.00236 |  0.00288 |  0.00312 |  0.00347 |  0.00380 |

