MIN: -1000
MAX: 1000
CMP: 1000

TIM SORT table
| starting array  |    10000 |    15000 |    20000 |    25000 |    30000 |    35000 |    40000 |    45000 |    50000 |
|-----------------+----------+----------+----------+----------+----------+----------+----------+----------+----------|
| random          |  0.40873 |  0.62499 |  0.86539 |  1.10388 |  1.34615 |  1.61709 |  1.85497 |  2.09523 |  2.34372 |
| ordered         |  0.03187 |  0.04781 |  0.06366 |  0.07964 |  0.09556 |  0.11154 |  0.12763 |  0.14351 |  0.15927 |
| reversed        |  0.03188 |  0.04776 |  0.06372 |  0.07964 |  0.09554 |  0.11150 |  0.12746 |  0.14337 |  0.15929 |
| almost ordered  |  0.03185 |  0.04781 |  0.06368 |  0.07964 |  0.09556 |  0.11149 |  0.12741 |  0.14340 |  0.15926 |
| almost reversed |  0.03191 |  0.04779 |  0.06378 |  0.07963 |  0.09556 |  0.11153 |  0.12741 |  0.14345 |  0.15940 |

QUICK SORT table
| starting array  |    10000 |    15000 |    20000 |    25000 |    30000 |    35000 |    40000 |    45000 |    50000 |
|-----------------+----------+----------+----------+----------+----------+----------+----------+----------+----------|
| random          |  0.62774 |  0.97837 |  1.30259 |  1.65557 |  2.06060 |  2.46013 |  2.85932 |  3.20778 |  3.47921 |
| ordered         |  0.55538 |  0.77655 |  1.17363 |  1.43177 |  1.64734 |  2.25730 |  2.47284 |  2.70884 |  3.02090 |
| reversed        |  0.55538 |  0.77642 |  1.17373 |  1.43173 |  1.64731 |  2.25710 |  2.47297 |  2.70848 |  3.02087 |
| almost ordered  |  0.55533 |  0.77634 |  1.17353 |  1.43175 |  1.64735 |  2.25711 |  2.47293 |  2.70857 |  3.02074 |
| almost reversed |  0.55535 |  0.77641 |  1.17358 |  1.43196 |  1.64737 |  2.25725 |  2.47301 |  2.70889 |  3.02108 |

BUCKET SORT table
| starting array  |    10000 |    15000 |    20000 |    25000 |    30000 |    35000 |    40000 |    45000 |    50000 |
|-----------------+----------+----------+----------+----------+----------+----------+----------+----------+----------|
| random          |  0.00425 |  0.00527 |  0.00615 |  0.00702 |  0.00754 |  0.00829 |  0.00916 |  0.00964 |  0.01028 |
| ordered         |  0.00105 |  0.00137 |  0.00171 |  0.00214 |  0.00234 |  0.00288 |  0.00316 |  0.00348 |  0.00382 |
| reversed        |  0.00106 |  0.00136 |  0.00172 |  0.00212 |  0.00233 |  0.00288 |  0.00315 |  0.00347 |  0.00384 |
| almost ordered  |  0.00106 |  0.00136 |  0.00171 |  0.00212 |  0.00236 |  0.00290 |  0.00314 |  0.00354 |  0.00384 |
| almost reversed |  0.00104 |  0.00137 |  0.00169 |  0.00214 |  0.00235 |  0.00288 |  0.00325 |  0.00350 |  0.00380 |

