MIN: 0
MAX: 1
CMP: 100

TIM SORT table
| starting array  |    10000 |    15000 |    20000 |    25000 |    30000 |    35000 |    40000 |    45000 |    50000 |
|-----------------+----------+----------+----------+----------+----------+----------+----------+----------+----------|
| random          |  0.03072 |  0.03233 |  0.04303 |  0.05367 |  0.06444 |  0.07523 |  0.08615 |  0.09681 |  0.10736 |
| ordered         |  0.00382 |  0.00571 |  0.00761 |  0.00951 |  0.01140 |  0.01341 |  0.01518 |  0.01708 |  0.01898 |
| reversed        |  0.00384 |  0.00575 |  0.00764 |  0.00953 |  0.01145 |  0.01333 |  0.01523 |  0.01713 |  0.01904 |
| almost ordered  |  0.00380 |  0.00569 |  0.00759 |  0.00956 |  0.01141 |  0.01332 |  0.01518 |  0.01709 |  0.01899 |
| almost reversed |  0.00384 |  0.00581 |  0.00763 |  0.00955 |  0.01145 |  0.01336 |  0.01524 |  0.01713 |  0.01913 |

QUICK SORT table
| starting array  |    10000 |    15000 |    20000 |    25000 |    30000 |    35000 |    40000 |    45000 |    50000 |
|-----------------+----------+----------+----------+----------+----------+----------+----------+----------+----------|
| random          |  0.05975 |  0.09469 |  0.12257 |  0.16236 |  0.19893 |  0.23102 |  0.26961 |  0.29351 |  0.34393 |
| ordered         |  0.06115 |  0.08502 |  0.12907 |  0.15699 |  0.18023 |  0.24829 |  0.27161 |  0.29714 |  0.33099 |
| reversed        |  0.06117 |  0.08511 |  0.12910 |  0.15697 |  0.18027 |  0.24830 |  0.27164 |  0.29719 |  0.33092 |
| almost ordered  |  0.06113 |  0.08511 |  0.12896 |  0.15703 |  0.18018 |  0.24832 |  0.27156 |  0.29683 |  0.33065 |
| almost reversed |  0.06104 |  0.08496 |  0.12889 |  0.15689 |  0.18010 |  0.24809 |  0.27137 |  0.29685 |  0.33066 |

BUCKET SORT table
| starting array  |    10000 |    15000 |    20000 |    25000 |    30000 |    35000 |    40000 |    45000 |    50000 |
|-----------------+----------+----------+----------+----------+----------+----------+----------+----------+----------|
| random          |  0.00065 |  0.00095 |  0.00127 |  0.00157 |  0.00191 |  0.00227 |  0.00266 |  0.00296 |  0.00326 |
| ordered         |  0.00065 |  0.00096 |  0.00130 |  0.00158 |  0.00189 |  0.00230 |  0.00266 |  0.00298 |  0.00330 |
| reversed        |  0.00064 |  0.00094 |  0.00127 |  0.00157 |  0.00188 |  0.00231 |  0.00267 |  0.00298 |  0.00331 |
| almost ordered  |  0.00065 |  0.00094 |  0.00128 |  0.00156 |  0.00189 |  0.00230 |  0.00265 |  0.00298 |  0.00329 |
| almost reversed |  0.00064 |  0.00094 |  0.00128 |  0.00157 |  0.00188 |  0.00228 |  0.00265 |  0.00298 |  0.00333 |

