MIN: 0
MAX: 1
CMP: 0

TIM SORT table
| starting array  |    10000 |    15000 |    20000 |    25000 |    30000 |    35000 |    40000 |    45000 |    50000 |
|-----------------+----------+----------+----------+----------+----------+----------+----------+----------+----------|
| random          |  0.01351 |  0.01167 |  0.01166 |  0.01494 |  0.01828 |  0.02047 |  0.02368 |  0.02689 |  0.03011 |
| ordered         |  0.00054 |  0.00081 |  0.00107 |  0.00133 |  0.00161 |  0.00188 |  0.00213 |  0.00241 |  0.00266 |
| reversed        |  0.00055 |  0.00082 |  0.00110 |  0.00136 |  0.00163 |  0.00190 |  0.00216 |  0.00243 |  0.00271 |
| almost ordered  |  0.00054 |  0.00080 |  0.00118 |  0.00133 |  0.00161 |  0.00187 |  0.00214 |  0.00241 |  0.00269 |
| almost reversed |  0.00056 |  0.00082 |  0.00109 |  0.00136 |  0.00163 |  0.00190 |  0.00215 |  0.00245 |  0.00270 |

QUICK SORT table
| starting array  |    10000 |    15000 |    20000 |    25000 |    30000 |    35000 |    40000 |    45000 |    50000 |
|-----------------+----------+----------+----------+----------+----------+----------+----------+----------+----------|
| random          |  0.00380 |  0.00634 |  0.00779 |  0.01085 |  0.01191 |  0.01489 |  0.01722 |  0.01842 |  0.02247 |
| ordered         |  0.00414 |  0.00520 |  0.00863 |  0.00985 |  0.01090 |  0.01673 |  0.01778 |  0.01894 |  0.02048 |
| reversed        |  0.00417 |  0.00521 |  0.00858 |  0.00982 |  0.01088 |  0.01673 |  0.01779 |  0.01893 |  0.02047 |
| almost ordered  |  0.00413 |  0.00522 |  0.00857 |  0.00982 |  0.01090 |  0.01675 |  0.01782 |  0.01898 |  0.02043 |
| almost reversed |  0.00413 |  0.00521 |  0.00857 |  0.00982 |  0.01089 |  0.01673 |  0.01783 |  0.01894 |  0.02045 |

INSERTION SORT table
| starting array  |    10000 |    15000 |    20000 |    25000 |    30000 |    35000 |    40000 |    45000 |    50000 |
|-----------------+----------+----------+----------+----------+----------+----------+----------+----------+----------|
| random          |  0.29675 |  0.66941 |  1.19614 |  1.85230 |  2.67853 |  3.65650 |  4.75969 |  6.03166 |  7.50336 |
| ordered         |  0.00019 |  0.00028 |  0.00037 |  0.00047 |  0.00056 |  0.00065 |  0.00075 |  0.00084 |  0.00093 |
| reversed        |  0.00043 |  0.00064 |  0.00085 |  0.00107 |  0.00131 |  0.00149 |  0.00169 |  0.00191 |  0.00213 |
| almost ordered  |  0.00019 |  0.00028 |  0.00038 |  0.00047 |  0.00056 |  0.00065 |  0.00075 |  0.00084 |  0.00094 |
| almost reversed |  0.00042 |  0.00064 |  0.00085 |  0.00106 |  0.00128 |  0.00148 |  0.00169 |  0.00191 |  0.00213 |

COCKTAIL SORT table
| starting array  |    10000 |    15000 |    20000 |    25000 |    30000 |    35000 |    40000 |    45000 |    50000 |
|-----------------+----------+----------+----------+----------+----------+----------+----------+----------+----------|
| random          |  0.80941 |  1.83533 |  3.26774 |  5.14186 |  7.39414 | 10.06174 | 13.09592 | 16.51121 | 20.37429 |
| ordered         |  0.00032 |  0.00048 |  0.00064 |  0.00080 |  0.00096 |  0.00112 |  0.00128 |  0.00144 |  0.00160 |
| reversed        |  0.00042 |  0.00063 |  0.00085 |  0.00109 |  0.00126 |  0.00147 |  0.00169 |  0.00190 |  0.00210 |
| almost ordered  |  0.00033 |  0.00048 |  0.00064 |  0.00081 |  0.00096 |  0.00112 |  0.00128 |  0.00144 |  0.00160 |
| almost reversed |  0.00042 |  0.00063 |  0.00084 |  0.00105 |  0.00126 |  0.00148 |  0.00169 |  0.00190 |  0.00211 |

BUCKET SORT table
| starting array  |    10000 |    15000 |    20000 |    25000 |    30000 |    35000 |    40000 |    45000 |    50000 |
|-----------------+----------+----------+----------+----------+----------+----------+----------+----------+----------|
| random          |  0.00065 |  0.00095 |  0.00128 |  0.00158 |  0.00191 |  0.00225 |  0.00267 |  0.00296 |  0.00327 |
| ordered         |  0.00065 |  0.00097 |  0.00133 |  0.00159 |  0.00189 |  0.00230 |  0.00267 |  0.00303 |  0.00333 |
| reversed        |  0.00072 |  0.00094 |  0.00130 |  0.00156 |  0.00190 |  0.00231 |  0.00266 |  0.00298 |  0.00331 |
| almost ordered  |  0.00064 |  0.00095 |  0.00130 |  0.00158 |  0.00190 |  0.00230 |  0.00266 |  0.00298 |  0.00330 |
| almost reversed |  0.00063 |  0.00094 |  0.00130 |  0.00156 |  0.00189 |  0.00230 |  0.00265 |  0.00297 |  0.00330 |

