MIN: 0
MAX: 1
CMP: 1000

TIM SORT table
| starting array  |    10000 |    15000 |    20000 |    25000 |    30000 |    35000 |    40000 |    45000 |    50000 |
|-----------------+----------+----------+----------+----------+----------+----------+----------+----------+----------|
| random          |  0.16331 |  0.22875 |  0.30783 |  0.38397 |  0.45734 |  0.54168 |  0.61890 |  0.69242 |  0.76713 |
| ordered         |  0.03176 |  0.04765 |  0.06352 |  0.07937 |  0.09524 |  0.11114 |  0.12702 |  0.14300 |  0.15885 |
| reversed        |  0.03193 |  0.04792 |  0.06368 |  0.07961 |  0.09554 |  0.11130 |  0.12718 |  0.14311 |  0.15900 |
| almost ordered  |  0.03175 |  0.04762 |  0.06349 |  0.07937 |  0.09525 |  0.11115 |  0.12699 |  0.14287 |  0.15887 |
| almost reversed |  0.03193 |  0.04793 |  0.06367 |  0.07961 |  0.09555 |  0.11127 |  0.12719 |  0.14308 |  0.15902 |

QUICK SORT table
| starting array  |    10000 |    15000 |    20000 |    25000 |    30000 |    35000 |    40000 |    45000 |    50000 |
|-----------------+----------+----------+----------+----------+----------+----------+----------+----------+----------|
| random          |  0.55417 |  0.88695 |  1.15748 |  1.47955 |  1.86593 |  2.05662 |  2.42430 |  2.67175 |  3.14143 |
| ordered         |  0.55361 |  0.77397 |  1.16987 |  1.42720 |  1.64194 |  2.25026 |  2.46469 |  2.69997 |  3.01112 |
| reversed        |  0.55357 |  0.77401 |  1.16982 |  1.42722 |  1.64203 |  2.25004 |  2.46508 |  2.70018 |  3.01129 |
| almost ordered  |  0.55357 |  0.77396 |  1.16983 |  1.42719 |  1.64200 |  2.25003 |  2.46526 |  2.70002 |  3.01116 |
| almost reversed |  0.55357 |  0.77403 |  1.16982 |  1.42724 |  1.64198 |  2.25054 |  2.46626 |  2.70067 |  3.01116 |

BUCKET SORT table
| starting array  |    10000 |    15000 |    20000 |    25000 |    30000 |    35000 |    40000 |    45000 |    50000 |
|-----------------+----------+----------+----------+----------+----------+----------+----------+----------+----------|
| random          |  0.00066 |  0.00095 |  0.00128 |  0.00157 |  0.00191 |  0.00227 |  0.00266 |  0.00296 |  0.00327 |
| ordered         |  0.00065 |  0.00096 |  0.00131 |  0.00158 |  0.00190 |  0.00230 |  0.00266 |  0.00299 |  0.00332 |
| reversed        |  0.00064 |  0.00094 |  0.00127 |  0.00159 |  0.00189 |  0.00231 |  0.00267 |  0.00299 |  0.00330 |
| almost ordered  |  0.00065 |  0.00094 |  0.00128 |  0.00156 |  0.00189 |  0.00230 |  0.00266 |  0.00297 |  0.00331 |
| almost reversed |  0.00064 |  0.00094 |  0.00128 |  0.00157 |  0.00189 |  0.00230 |  0.00267 |  0.00302 |  0.00332 |

