MIN: 0
MAX: 1
CMP: 10

TIM SORT table
| starting array  |    10000 |    15000 |    20000 |    25000 |    30000 |    35000 |    40000 |    45000 |    50000 |
|-----------------+----------+----------+----------+----------+----------+----------+----------+----------+----------|
| random          |  0.01447 |  0.01248 |  0.01507 |  0.01902 |  0.02323 |  0.02657 |  0.03047 |  0.03438 |  0.03846 |
| ordered         |  0.00085 |  0.00127 |  0.00169 |  0.00212 |  0.00255 |  0.00298 |  0.00340 |  0.00382 |  0.00426 |
| reversed        |  0.00087 |  0.00130 |  0.00172 |  0.00216 |  0.00258 |  0.00300 |  0.00343 |  0.00385 |  0.00428 |
| almost ordered  |  0.00086 |  0.00127 |  0.00169 |  0.00212 |  0.00255 |  0.00298 |  0.00340 |  0.00382 |  0.00424 |
| almost reversed |  0.00086 |  0.00130 |  0.00171 |  0.00215 |  0.00258 |  0.00299 |  0.00342 |  0.00385 |  0.00430 |

QUICK SORT table
| starting array  |    10000 |    15000 |    20000 |    25000 |    30000 |    35000 |    40000 |    45000 |    50000 |
|-----------------+----------+----------+----------+----------+----------+----------+----------+----------+----------|
| random          |  0.01018 |  0.01676 |  0.02119 |  0.02874 |  0.03637 |  0.04264 |  0.04611 |  0.04950 |  0.05931 |
| ordered         |  0.01087 |  0.01471 |  0.02274 |  0.02722 |  0.03090 |  0.04406 |  0.04752 |  0.05168 |  0.05725 |
| reversed        |  0.01076 |  0.01466 |  0.02271 |  0.02721 |  0.03088 |  0.04405 |  0.04757 |  0.05188 |  0.05718 |
| almost ordered  |  0.01085 |  0.01462 |  0.02270 |  0.02719 |  0.03091 |  0.04405 |  0.04768 |  0.05162 |  0.05740 |
| almost reversed |  0.01080 |  0.01459 |  0.02273 |  0.02729 |  0.03088 |  0.04399 |  0.04759 |  0.05170 |  0.05695 |

BUCKET SORT table
| starting array  |    10000 |    15000 |    20000 |    25000 |    30000 |    35000 |    40000 |    45000 |    50000 |
|-----------------+----------+----------+----------+----------+----------+----------+----------+----------+----------|
| random          |  0.00067 |  0.00095 |  0.00127 |  0.00158 |  0.00188 |  0.00229 |  0.00270 |  0.00294 |  0.00331 |
| ordered         |  0.00063 |  0.00094 |  0.00127 |  0.00156 |  0.00190 |  0.00230 |  0.00267 |  0.00298 |  0.00330 |
| reversed        |  0.00063 |  0.00095 |  0.00127 |  0.00157 |  0.00188 |  0.00229 |  0.00265 |  0.00297 |  0.00330 |
| almost ordered  |  0.00065 |  0.00094 |  0.00127 |  0.00156 |  0.00189 |  0.00229 |  0.00265 |  0.00299 |  0.00335 |
| almost reversed |  0.00063 |  0.00094 |  0.00127 |  0.00157 |  0.00188 |  0.00229 |  0.00266 |  0.00301 |  0.00332 |

