MIN: 0
MAX: 100000
CMP: 100

TIM SORT table
| starting array  |    10000 |    15000 |    20000 |    25000 |    30000 |    35000 |    40000 |    45000 |    50000 |
|-----------------+----------+----------+----------+----------+----------+----------+----------+----------+----------|
| random          |  0.06395 |  0.08300 |  0.11414 |  0.14565 |  0.17796 |  0.21161 |  0.24389 |  0.27723 |  0.31098 |
| ordered         |  0.00381 |  0.00569 |  0.00760 |  0.00950 |  0.01139 |  0.01329 |  0.01520 |  0.01709 |  0.01899 |
| reversed        |  0.00404 |  0.00605 |  0.00806 |  0.01007 |  0.01209 |  0.01410 |  0.01611 |  0.01817 |  0.02015 |
| almost ordered  |  0.03072 |  0.04873 |  0.06376 |  0.08184 |  0.10107 |  0.11421 |  0.13222 |  0.15130 |  0.16934 |
| almost reversed |  0.03395 |  0.05522 |  0.06956 |  0.09114 |  0.11348 |  0.12354 |  0.14394 |  0.16417 |  0.18779 |

QUICK SORT table
| starting array  |    10000 |    15000 |    20000 |    25000 |    30000 |    35000 |    40000 |    45000 |    50000 |
|-----------------+----------+----------+----------+----------+----------+----------+----------+----------+----------|
| random          |  0.06873 |  0.10733 |  0.13918 |  0.19116 |  0.21972 |  0.26916 |  0.29823 |  0.34874 |  0.38561 |
| ordered         |  0.05360 |  0.08176 |  0.10958 |  0.13563 |  0.16366 |  0.18992 |  0.21534 |  0.23984 |  0.26378 |
| reversed        |  0.04731 |  0.07528 |  0.10570 |  0.13726 |  0.16384 |  0.19013 |  0.21551 |  0.24006 |  0.26411 |
| almost ordered  |  0.05541 |  0.08451 |  0.11610 |  0.14420 |  0.17466 |  0.19878 |  0.22651 |  0.25413 |  0.27478 |
| almost reversed |  0.06551 |  0.08895 |  0.12405 |  0.15874 |  0.19259 |  0.23096 |  0.26789 |  0.30149 |  0.33885 |

BUCKET SORT table
| starting array  |    10000 |    15000 |    20000 |    25000 |    30000 |    35000 |    40000 |    45000 |    50000 |
|-----------------+----------+----------+----------+----------+----------+----------+----------+----------+----------|
| random          |  0.02949 |  0.03469 |  0.04139 |  0.04649 |  0.05152 |  0.05690 |  0.06210 |  0.06733 |  0.07272 |
| ordered         |  0.02918 |  0.03132 |  0.03389 |  0.03661 |  0.03937 |  0.04193 |  0.04465 |  0.04731 |  0.05012 |
| reversed        |  0.02915 |  0.03143 |  0.03413 |  0.03674 |  0.03944 |  0.04228 |  0.04499 |  0.04773 |  0.05093 |
| almost ordered  |  0.02988 |  0.03276 |  0.03594 |  0.03922 |  0.04253 |  0.04578 |  0.04914 |  0.05248 |  0.05642 |
| almost reversed |  0.02977 |  0.03291 |  0.03600 |  0.03922 |  0.04253 |  0.04588 |  0.04936 |  0.05257 |  0.05608 |

