MIN: 0
MAX: 100000
CMP: 10

TIM SORT table
| starting array  |    10000 |    15000 |    20000 |    25000 |    30000 |    35000 |    40000 |    45000 |    50000 |
|-----------------+----------+----------+----------+----------+----------+----------+----------+----------+----------|
| random          |  0.02678 |  0.02763 |  0.03738 |  0.04778 |  0.05878 |  0.06868 |  0.07928 |  0.08998 |  0.10110 |
| ordered         |  0.00086 |  0.00127 |  0.00171 |  0.00214 |  0.00257 |  0.00298 |  0.00342 |  0.00383 |  0.00427 |
| reversed        |  0.00108 |  0.00162 |  0.00218 |  0.00271 |  0.00324 |  0.00380 |  0.00432 |  0.00488 |  0.00542 |
| almost ordered  |  0.01081 |  0.01694 |  0.02243 |  0.02860 |  0.03492 |  0.03987 |  0.04587 |  0.05224 |  0.05876 |
| almost reversed |  0.01310 |  0.02230 |  0.02715 |  0.03588 |  0.04538 |  0.04701 |  0.05518 |  0.06388 |  0.07372 |

QUICK SORT table
| starting array  |    10000 |    15000 |    20000 |    25000 |    30000 |    35000 |    40000 |    45000 |    50000 |
|-----------------+----------+----------+----------+----------+----------+----------+----------+----------+----------|
| random          |  0.01075 |  0.01828 |  0.02329 |  0.02868 |  0.03505 |  0.04122 |  0.04889 |  0.05559 |  0.06104 |
| ordered         |  0.00832 |  0.01254 |  0.01670 |  0.02019 |  0.02441 |  0.02819 |  0.03154 |  0.03461 |  0.03751 |
| reversed        |  0.00712 |  0.01141 |  0.01601 |  0.02084 |  0.02475 |  0.02855 |  0.03198 |  0.03524 |  0.03803 |
| almost ordered  |  0.00924 |  0.01375 |  0.01801 |  0.02219 |  0.02590 |  0.02994 |  0.03381 |  0.03792 |  0.04097 |
| almost reversed |  0.00962 |  0.01524 |  0.02098 |  0.02754 |  0.03023 |  0.03548 |  0.04083 |  0.04693 |  0.05232 |

BUCKET SORT table
| starting array  |    10000 |    15000 |    20000 |    25000 |    30000 |    35000 |    40000 |    45000 |    50000 |
|-----------------+----------+----------+----------+----------+----------+----------+----------+----------+----------|
| random          |  0.02954 |  0.03478 |  0.04181 |  0.04654 |  0.05188 |  0.05705 |  0.06249 |  0.06765 |  0.07290 |
| ordered         |  0.02954 |  0.03149 |  0.03407 |  0.03691 |  0.03961 |  0.04211 |  0.04506 |  0.04762 |  0.05061 |
| reversed        |  0.02925 |  0.03162 |  0.03432 |  0.03698 |  0.03971 |  0.04240 |  0.04524 |  0.04807 |  0.05133 |
| almost ordered  |  0.03019 |  0.03296 |  0.03609 |  0.03949 |  0.04283 |  0.04613 |  0.04946 |  0.05297 |  0.05639 |
| almost reversed |  0.02988 |  0.03317 |  0.03623 |  0.03956 |  0.04283 |  0.04615 |  0.04945 |  0.05282 |  0.05667 |

