MIN: 0
MAX: 100000
CMP: 0

TIM SORT table
| starting array  |    10000 |    15000 |    20000 |    25000 |    30000 |    35000 |    40000 |    45000 |    50000 |
|-----------------+----------+----------+----------+----------+----------+----------+----------+----------+----------|
| random          |  0.01340 |  0.02123 |  0.02829 |  0.03633 |  0.04481 |  0.05177 |  0.05978 |  0.06806 |  0.07681 |
| ordered         |  0.00054 |  0.00080 |  0.00107 |  0.00135 |  0.00161 |  0.00188 |  0.00213 |  0.00241 |  0.00269 |
| reversed        |  0.00078 |  0.00116 |  0.00155 |  0.00194 |  0.00232 |  0.00272 |  0.00311 |  0.00350 |  0.00388 |
| almost ordered  |  0.00800 |  0.01273 |  0.01668 |  0.02148 |  0.02627 |  0.03009 |  0.03476 |  0.03961 |  0.04453 |
| almost reversed |  0.01030 |  0.01806 |  0.02126 |  0.02872 |  0.03697 |  0.03728 |  0.04394 |  0.05121 |  0.05935 |

QUICK SORT table
| starting array  |    10000 |    15000 |    20000 |    25000 |    30000 |    35000 |    40000 |    45000 |    50000 |
|-----------------+----------+----------+----------+----------+----------+----------+----------+----------+----------|
| random          |  0.00386 |  0.00585 |  0.00806 |  0.01028 |  0.01252 |  0.01464 |  0.01735 |  0.01927 |  0.02194 |
| ordered         |  0.00283 |  0.00425 |  0.00553 |  0.00671 |  0.00801 |  0.00911 |  0.01006 |  0.01101 |  0.01187 |
| reversed        |  0.00232 |  0.00373 |  0.00528 |  0.00692 |  0.00810 |  0.00925 |  0.01019 |  0.01115 |  0.01205 |
| almost ordered  |  0.00303 |  0.00454 |  0.00599 |  0.00736 |  0.00865 |  0.00997 |  0.01110 |  0.01219 |  0.01321 |
| almost reversed |  0.00324 |  0.00500 |  0.00680 |  0.00860 |  0.01057 |  0.01245 |  0.01444 |  0.01641 |  0.01822 |

INSERTION SORT table
| starting array  |    10000 |    15000 |    20000 |    25000 |    30000 |    35000 |    40000 |    45000 |    50000 |
|-----------------+----------+----------+----------+----------+----------+----------+----------+----------+----------|
| random          |  0.59481 |  1.34473 |  2.37103 |  3.72546 |  5.39857 |  7.27316 |  9.46845 | 12.02926 | 14.85621 |
| ordered         |  0.00019 |  0.00028 |  0.00037 |  0.00047 |  0.00057 |  0.00065 |  0.00075 |  0.00085 |  0.00093 |
| reversed        |  1.18773 |  2.67487 |  4.75713 |  7.43457 | 10.70676 | 14.57405 | 19.03857 | 24.09395 | 29.74604 |
| almost ordered  |  0.13869 |  0.30766 |  0.55595 |  0.85204 |  1.26113 |  1.70642 |  2.20207 |  2.84103 |  3.42578 |
| almost reversed |  1.04694 |  2.36316 |  4.20348 |  6.59116 |  9.49558 | 12.88831 | 16.86559 | 21.31650 | 26.27917 |

COCKTAIL SORT table
| starting array  |    10000 |    15000 |    20000 |    25000 |    30000 |    35000 |    40000 |    45000 |    50000 |
|-----------------+----------+----------+----------+----------+----------+----------+----------+----------+----------|
| random          |  0.91025 |  2.06506 |  3.63275 |  5.70531 |  8.21240 | 11.26991 | 14.67940 | 18.55954 | 22.87617 |
| ordered         |  0.00032 |  0.00048 |  0.00064 |  0.00081 |  0.00096 |  0.00112 |  0.00128 |  0.00144 |  0.00159 |
| reversed        |  1.30209 |  2.93176 |  5.21442 |  8.15016 | 11.73890 | 15.98078 | 20.87580 | 26.42346 | 32.62649 |
| almost ordered  |  0.20364 |  0.45309 |  0.80148 |  1.24999 |  1.78449 |  2.49016 |  3.16836 |  4.10175 |  4.94173 |
| almost reversed |  1.25029 |  2.81226 |  5.00789 |  7.82073 | 11.26148 | 15.34288 | 20.01801 | 25.37764 | 31.33251 |

BUCKET SORT table
| starting array  |    10000 |    15000 |    20000 |    25000 |    30000 |    35000 |    40000 |    45000 |    50000 |
|-----------------+----------+----------+----------+----------+----------+----------+----------+----------+----------|
| random          |  0.02935 |  0.03458 |  0.04131 |  0.04638 |  0.05156 |  0.05678 |  0.06202 |  0.06738 |  0.07251 |
| ordered         |  0.02916 |  0.03133 |  0.03392 |  0.03660 |  0.03940 |  0.04197 |  0.04461 |  0.04738 |  0.05019 |
| reversed        |  0.02918 |  0.03145 |  0.03410 |  0.03674 |  0.03951 |  0.04226 |  0.04493 |  0.04775 |  0.05097 |
| almost ordered  |  0.02993 |  0.03279 |  0.03591 |  0.03923 |  0.04253 |  0.04577 |  0.04911 |  0.05247 |  0.05609 |
| almost reversed |  0.02978 |  0.03292 |  0.03598 |  0.03922 |  0.04254 |  0.04589 |  0.04913 |  0.05255 |  0.05613 |

