MIN: 0
MAX: 100000
CMP: 1000

TIM SORT table
| starting array  |    10000 |    15000 |    20000 |    25000 |    30000 |    35000 |    40000 |    45000 |    50000 |
|-----------------+----------+----------+----------+----------+----------+----------+----------+----------+----------|
| random          |  0.40882 |  0.62377 |  0.86459 |  1.10201 |  1.34449 |  1.61004 |  1.85783 |  2.10736 |  2.36449 |
| ordered         |  0.03184 |  0.04775 |  0.06374 |  0.07963 |  0.09563 |  0.11151 |  0.12744 |  0.14405 |  0.16005 |
| reversed        |  0.03207 |  0.04818 |  0.06413 |  0.08026 |  0.09626 |  0.11230 |  0.12839 |  0.14456 |  0.16067 |
| almost ordered  |  0.22953 |  0.35929 |  0.46823 |  0.59694 |  0.75080 |  0.83382 |  0.97843 |  1.10563 |  1.23707 |
| almost reversed |  0.23435 |  0.37442 |  0.48586 |  0.62923 |  0.78065 |  0.86861 |  1.00583 |  1.15024 |  1.29999 |

QUICK SORT table
| starting array  |    10000 |    15000 |    20000 |    25000 |    30000 |    35000 |    40000 |    45000 |    50000 |
|-----------------+----------+----------+----------+----------+----------+----------+----------+----------+----------|
| random          |  0.58736 |  0.95725 |  1.35594 |  1.73209 |  2.02585 |  2.47610 |  2.97083 |  3.35117 |  3.62154 |
| ordered         |  0.49625 |  0.75777 |  1.01714 |  1.26136 |  1.52454 |  1.77159 |  2.00775 |  2.23721 |  2.46438 |
| reversed        |  0.43987 |  0.69957 |  0.98203 |  1.27467 |  1.52236 |  1.76902 |  2.00715 |  2.23782 |  2.46470 |
| almost ordered  |  0.50170 |  0.77079 |  1.05473 |  1.32085 |  1.58816 |  1.82752 |  2.06983 |  2.34701 |  2.57107 |
| almost reversed |  0.53496 |  0.91790 |  1.16560 |  1.51121 |  1.84870 |  2.08829 |  2.68883 |  2.79221 |  3.09271 |

BUCKET SORT table
| starting array  |    10000 |    15000 |    20000 |    25000 |    30000 |    35000 |    40000 |    45000 |    50000 |
|-----------------+----------+----------+----------+----------+----------+----------+----------+----------+----------|
| random          |  0.02959 |  0.03488 |  0.04162 |  0.04666 |  0.05195 |  0.05702 |  0.06226 |  0.06748 |  0.07296 |
| ordered         |  0.02943 |  0.03146 |  0.03420 |  0.03687 |  0.03960 |  0.04230 |  0.04492 |  0.04770 |  0.05049 |
| reversed        |  0.02937 |  0.03171 |  0.03431 |  0.03692 |  0.03985 |  0.04246 |  0.04530 |  0.04793 |  0.05110 |
| almost ordered  |  0.03008 |  0.03300 |  0.03628 |  0.03934 |  0.04270 |  0.04609 |  0.04936 |  0.05283 |  0.05633 |
| almost reversed |  0.03001 |  0.03308 |  0.03629 |  0.03952 |  0.04287 |  0.04624 |  0.04949 |  0.05298 |  0.05634 |

