** Same
MIN: 0
MAX: 1
CMP: 0

TIM SORT table
| starting array  |    10000 |    15000 |    20000 |    25000 |    30000 |    35000 |    40000 |    45000 |    50000 |
|-----------------+----------+----------+----------+----------+----------+----------+----------+----------+----------|
| random          |  0.00000 |  0.01000 |  0.01000 |  0.01000 |  0.01000 |  0.01000 |  0.01000 |  0.01000 |  0.02000 |
| ordered         |  0.00000 |  0.00000 |  0.00000 |  0.00000 |  0.00000 |  0.01000 |  0.00000 |  0.00000 |  0.00000 |
| reversed        |  0.00000 |  0.00000 |  0.00000 |  0.01000 |  0.00000 |  0.00000 |  0.00000 |  0.00000 |  0.00000 |
| almost ordered  |  0.01000 |  0.00000 |  0.00000 |  0.00000 |  0.00000 |  0.00000 |  0.00000 |  0.01000 |  0.00000 |
| almost reversed |  0.00000 |  0.00000 |  0.00000 |  0.00000 |  0.00000 |  0.01000 |  0.00000 |  0.00000 |  0.00000 |

QUICK SORT table
| starting array  |    10000 |    15000 |    20000 |    25000 |    30000 |    35000 |    40000 |    45000 |    50000 |
|-----------------+----------+----------+----------+----------+----------+----------+----------+----------+----------|
| random          |  0.01000 |  0.00000 |  0.00000 |  0.00000 |  0.01000 |  0.01000 |  0.00000 |  0.01000 |  0.01000 |
| ordered         |  0.00000 |  0.00000 |  0.00000 |  0.01000 |  0.00000 |  0.01000 |  0.00000 |  0.01000 |  0.01000 |
| reversed        |  0.00000 |  0.00000 |  0.00000 |  0.01000 |  0.00000 |  0.01000 |  0.00000 |  0.01000 |  0.01000 |
| almost ordered  |  0.00000 |  0.00000 |  0.00000 |  0.01000 |  0.00000 |  0.01000 |  0.00000 |  0.00000 |  0.01000 |
| almost reversed |  0.00000 |  0.00000 |  0.01000 |  0.00000 |  0.00000 |  0.01000 |  0.01000 |  0.00000 |  0.01000 |

INSERTION SORT table
| starting array  |    10000 |    15000 |    20000 |    25000 |    30000 |    35000 |    40000 |    45000 |    50000 |
|-----------------+----------+----------+----------+----------+----------+----------+----------+----------+----------|
| random          |  0.12000 |  0.28000 |  0.49000 |  0.77000 |  1.09000 |  1.50000 |  1.96000 |  2.48000 |  3.08000 |
| ordered         |  0.00000 |  0.00000 |  0.00000 |  0.00000 |  0.00000 |  0.00000 |  0.00000 |  0.00000 |  0.00000 |
| reversed        |  0.00000 |  0.00000 |  0.00000 |  0.00000 |  0.00000 |  0.00000 |  0.00000 |  0.00000 |  0.00000 |
| almost ordered  |  0.00000 |  0.00000 |  0.00000 |  0.00000 |  0.01000 |  0.00000 |  0.00000 |  0.00000 |  0.00000 |
| almost reversed |  0.00000 |  0.00000 |  0.00000 |  0.00000 |  0.00000 |  0.00000 |  0.00000 |  0.00000 |  0.00000 |

COCKTAIL SORT table
| starting array  |    10000 |    15000 |    20000 |    25000 |    30000 |    35000 |    40000 |    45000 |    50000 |
|-----------------+----------+----------+----------+----------+----------+----------+----------+----------+----------|
| random          |  0.39000 |  0.89000 |  1.56000 |  2.44000 |  3.52000 |  4.76000 |  6.30000 |  7.92000 |  9.78000 |
| ordered         |  0.00000 |  0.00000 |  0.00000 |  0.00000 |  0.00000 |  0.00000 |  0.00000 |  0.00000 |  0.00000 |
| reversed        |  0.00000 |  0.00000 |  0.00000 |  0.00000 |  0.00000 |  0.00000 |  0.00000 |  0.00000 |  0.00000 |
| almost ordered  |  0.00000 |  0.00000 |  0.00000 |  0.00000 |  0.00000 |  0.00000 |  0.00000 |  0.00000 |  0.00000 |
| almost reversed |  0.00000 |  0.00000 |  0.00000 |  0.00000 |  0.00000 |  0.00000 |  0.00000 |  0.00000 |  0.00000 |

BUCKET SORT table
| starting array  |    10000 |    15000 |    20000 |    25000 |    30000 |    35000 |    40000 |    45000 |    50000 |
|-----------------+----------+----------+----------+----------+----------+----------+----------+----------+----------|
| random          |  0.00000 |  0.01000 |  0.00000 |  0.00000 |  0.00000 |  0.00000 |  0.00000 |  0.00000 |  0.01000 |
| ordered         |  0.00000 |  0.00000 |  0.00000 |  0.00000 |  0.00000 |  0.00000 |  0.01000 |  0.00000 |  0.01000 |
| reversed        |  0.00000 |  0.00000 |  0.00000 |  0.00000 |  0.00000 |  0.00000 |  0.00000 |  0.00000 |  0.00000 |
| almost ordered  |  0.00000 |  0.00000 |  0.00000 |  0.00000 |  0.00000 |  0.00000 |  0.00000 |  0.00000 |  0.01000 |
| almost reversed |  0.00000 |  0.00000 |  0.00000 |  0.00000 |  0.00000 |  0.00000 |  0.00000 |  0.01000 |  0.00000 |

MIN: 0
MAX: 1
CMP: 1000

TIM SORT table
| starting array  |    10000 |    15000 |    20000 |    25000 |    30000 |    35000 |    40000 |    45000 |    50000 |
|-----------------+----------+----------+----------+----------+----------+----------+----------+----------+----------|
| random          |  0.08000 |  0.13000 |  0.18000 |  0.22000 |  0.26000 |  0.31000 |  0.35000 |  0.40000 |  0.44000 |
| ordered         |  0.01000 |  0.03000 |  0.04000 |  0.04000 |  0.05000 |  0.06000 |  0.07000 |  0.08000 |  0.09000 |
| reversed        |  0.02000 |  0.03000 |  0.04000 |  0.04000 |  0.06000 |  0.06000 |  0.07000 |  0.08000 |  0.09000 |
| almost ordered  |  0.02000 |  0.03000 |  0.04000 |  0.04000 |  0.06000 |  0.06000 |  0.08000 |  0.08000 |  0.09000 |
| almost reversed |  0.02000 |  0.03000 |  0.04000 |  0.04000 |  0.06000 |  0.06000 |  0.08000 |  0.08000 |  0.09000 |

QUICK SORT table
| starting array  |    10000 |    15000 |    20000 |    25000 |    30000 |    35000 |    40000 |    45000 |    50000 |
|-----------------+----------+----------+----------+----------+----------+----------+----------+----------+----------|
| random          |  0.31000 |  0.49000 |  0.67000 |  0.85000 |  1.05000 |  1.22000 |  1.40000 |  1.56000 |  1.78000 |
| ordered         |  0.32000 |  0.44000 |  0.67000 |  0.82000 |  0.94000 |  1.30000 |  1.41000 |  1.55000 |  1.72000 |
| reversed        |  0.32000 |  0.44000 |  0.67000 |  0.82000 |  0.94000 |  1.29000 |  1.41000 |  1.55000 |  1.73000 |
| almost ordered  |  0.31000 |  0.45000 |  0.66000 |  0.81000 |  0.94000 |  1.29000 |  1.42000 |  1.54000 |  1.73000 |
| almost reversed |  0.31000 |  0.45000 |  0.67000 |  0.81000 |  0.95000 |  1.28000 |  1.41000 |  1.55000 |  1.73000 |

BUCKET SORT table
| starting array  |    10000 |    15000 |    20000 |    25000 |    30000 |    35000 |    40000 |    45000 |    50000 |
|-----------------+----------+----------+----------+----------+----------+----------+----------+----------+----------|
| random          |  0.00000 |  0.00000 |  0.00000 |  0.00000 |  0.00000 |  0.00000 |  0.00000 |  0.00000 |  0.00000 |
| ordered         |  0.00000 |  0.00000 |  0.00000 |  0.00000 |  0.00000 |  0.00000 |  0.00000 |  0.01000 |  0.00000 |
| reversed        |  0.00000 |  0.00000 |  0.00000 |  0.00000 |  0.00000 |  0.00000 |  0.00000 |  0.01000 |  0.00000 |
| almost ordered  |  0.00000 |  0.00000 |  0.00000 |  0.00000 |  0.00000 |  0.00000 |  0.01000 |  0.00000 |  0.00000 |
| almost reversed |  0.00000 |  0.00000 |  0.00000 |  0.00000 |  0.00000 |  0.01000 |  0.00000 |  0.00000 |  0.00000 |

MIN: 0
MAX: 1
CMP: 100

TIM SORT table
| starting array  |    10000 |    15000 |    20000 |    25000 |    30000 |    35000 |    40000 |    45000 |    50000 |
|-----------------+----------+----------+----------+----------+----------+----------+----------+----------+----------|
| random          |  0.02000 |  0.01000 |  0.02000 |  0.03000 |  0.03000 |  0.04000 |  0.05000 |  0.05000 |  0.06000 |
| ordered         |  0.00000 |  0.01000 |  0.00000 |  0.01000 |  0.00000 |  0.01000 |  0.01000 |  0.01000 |  0.01000 |
| reversed        |  0.01000 |  0.00000 |  0.00000 |  0.01000 |  0.01000 |  0.01000 |  0.00000 |  0.01000 |  0.01000 |
| almost ordered  |  0.00000 |  0.00000 |  0.01000 |  0.00000 |  0.00000 |  0.01000 |  0.01000 |  0.01000 |  0.01000 |
| almost reversed |  0.00000 |  0.00000 |  0.00000 |  0.01000 |  0.01000 |  0.00000 |  0.00000 |  0.01000 |  0.01000 |

QUICK SORT table
| starting array  |    10000 |    15000 |    20000 |    25000 |    30000 |    35000 |    40000 |    45000 |    50000 |
|-----------------+----------+----------+----------+----------+----------+----------+----------+----------+----------|
| random          |  0.03000 |  0.06000 |  0.07000 |  0.10000 |  0.11000 |  0.14000 |  0.15000 |  0.17000 |  0.20000 |
| ordered         |  0.03000 |  0.05000 |  0.08000 |  0.09000 |  0.10000 |  0.15000 |  0.15000 |  0.18000 |  0.19000 |
| reversed        |  0.03000 |  0.05000 |  0.08000 |  0.09000 |  0.10000 |  0.14000 |  0.16000 |  0.17000 |  0.19000 |
| almost ordered  |  0.04000 |  0.05000 |  0.07000 |  0.09000 |  0.10000 |  0.14000 |  0.16000 |  0.18000 |  0.19000 |
| almost reversed |  0.03000 |  0.05000 |  0.08000 |  0.09000 |  0.10000 |  0.15000 |  0.16000 |  0.17000 |  0.19000 |

BUCKET SORT table
| starting array  |    10000 |    15000 |    20000 |    25000 |    30000 |    35000 |    40000 |    45000 |    50000 |
|-----------------+----------+----------+----------+----------+----------+----------+----------+----------+----------|
| random          |  0.00000 |  0.00000 |  0.00000 |  0.01000 |  0.00000 |  0.00000 |  0.00000 |  0.00000 |  0.00000 |
| ordered         |  0.00000 |  0.00000 |  0.00000 |  0.00000 |  0.01000 |  0.00000 |  0.00000 |  0.00000 |  0.00000 |
| reversed        |  0.00000 |  0.00000 |  0.00000 |  0.01000 |  0.00000 |  0.00000 |  0.00000 |  0.00000 |  0.00000 |
| almost ordered  |  0.00000 |  0.00000 |  0.00000 |  0.00000 |  0.00000 |  0.00000 |  0.00000 |  0.00000 |  0.00000 |
| almost reversed |  0.00000 |  0.01000 |  0.00000 |  0.00000 |  0.00000 |  0.00000 |  0.00000 |  0.00000 |  0.00000 |

MIN: 0
MAX: 1
CMP: 10

TIM SORT table
| starting array  |    10000 |    15000 |    20000 |    25000 |    30000 |    35000 |    40000 |    45000 |    50000 |
|-----------------+----------+----------+----------+----------+----------+----------+----------+----------+----------|
| random          |  0.00000 |  0.01000 |  0.01000 |  0.01000 |  0.01000 |  0.01000 |  0.02000 |  0.01000 |  0.01000 |
| ordered         |  0.00000 |  0.00000 |  0.01000 |  0.00000 |  0.00000 |  0.00000 |  0.00000 |  0.01000 |  0.00000 |
| reversed        |  0.00000 |  0.00000 |  0.00000 |  0.00000 |  0.00000 |  0.00000 |  0.00000 |  0.00000 |  0.00000 |
| almost ordered  |  0.00000 |  0.00000 |  0.00000 |  0.00000 |  0.00000 |  0.00000 |  0.00000 |  0.00000 |  0.01000 |
| almost reversed |  0.00000 |  0.00000 |  0.00000 |  0.00000 |  0.00000 |  0.01000 |  0.00000 |  0.00000 |  0.00000 |

QUICK SORT table
| starting array  |    10000 |    15000 |    20000 |    25000 |    30000 |    35000 |    40000 |    45000 |    50000 |
|-----------------+----------+----------+----------+----------+----------+----------+----------+----------+----------|
| random          |  0.01000 |  0.00000 |  0.01000 |  0.01000 |  0.02000 |  0.01000 |  0.02000 |  0.02000 |  0.02000 |
| ordered         |  0.00000 |  0.01000 |  0.01000 |  0.01000 |  0.01000 |  0.01000 |  0.02000 |  0.02000 |  0.02000 |
| reversed        |  0.01000 |  0.00000 |  0.01000 |  0.01000 |  0.01000 |  0.02000 |  0.01000 |  0.02000 |  0.02000 |
| almost ordered  |  0.01000 |  0.00000 |  0.01000 |  0.01000 |  0.01000 |  0.02000 |  0.02000 |  0.02000 |  0.02000 |
| almost reversed |  0.00000 |  0.01000 |  0.01000 |  0.01000 |  0.01000 |  0.01000 |  0.02000 |  0.02000 |  0.02000 |

BUCKET SORT table
| starting array  |    10000 |    15000 |    20000 |    25000 |    30000 |    35000 |    40000 |    45000 |    50000 |
|-----------------+----------+----------+----------+----------+----------+----------+----------+----------+----------|
| random          |  0.00000 |  0.00000 |  0.00000 |  0.00000 |  0.00000 |  0.00000 |  0.00000 |  0.00000 |  0.00000 |
| ordered         |  0.00000 |  0.00000 |  0.00000 |  0.01000 |  0.00000 |  0.00000 |  0.00000 |  0.00000 |  0.00000 |
| reversed        |  0.00000 |  0.00000 |  0.01000 |  0.00000 |  0.00000 |  0.00000 |  0.00000 |  0.00000 |  0.00000 |
| almost ordered  |  0.01000 |  0.00000 |  0.00000 |  0.00000 |  0.00000 |  0.00000 |  0.00000 |  0.00000 |  0.01000 |
| almost reversed |  0.00000 |  0.00000 |  0.00000 |  0.00000 |  0.00000 |  0.00000 |  0.00000 |  0.01000 |  0.00000 |

** Negative
MIN: -1000
MAX: 1000
CMP: 0

TIM SORT table
| starting array  |    10000 |    15000 |    20000 |    25000 |    30000 |    35000 |    40000 |    45000 |    50000 |
|-----------------+----------+----------+----------+----------+----------+----------+----------+----------+----------|
| random          |  0.01000 |  0.01000 |  0.02000 |  0.02000 |  0.02000 |  0.03000 |  0.03000 |  0.04000 |  0.04000 |
| ordered         |  0.00000 |  0.00000 |  0.00000 |  0.00000 |  0.00000 |  0.00000 |  0.00000 |  0.00000 |  0.00000 |
| reversed        |  0.00000 |  0.00000 |  0.00000 |  0.01000 |  0.00000 |  0.00000 |  0.00000 |  0.00000 |  0.00000 |
| almost ordered  |  0.00000 |  0.00000 |  0.00000 |  0.00000 |  0.00000 |  0.00000 |  0.00000 |  0.00000 |  0.00000 |
| almost reversed |  0.00000 |  0.00000 |  0.00000 |  0.00000 |  0.01000 |  0.00000 |  0.00000 |  0.00000 |  0.00000 |

QUICK SORT table
| starting array  |    10000 |    15000 |    20000 |    25000 |    30000 |    35000 |    40000 |    45000 |    50000 |
|-----------------+----------+----------+----------+----------+----------+----------+----------+----------+----------|
| random          |  0.01000 |  0.00000 |  0.00000 |  0.01000 |  0.00000 |  0.01000 |  0.01000 |  0.01000 |  0.01000 |
| ordered         |  0.00000 |  0.00000 |  0.01000 |  0.00000 |  0.00000 |  0.01000 |  0.01000 |  0.00000 |  0.01000 |
| reversed        |  0.00000 |  0.00000 |  0.01000 |  0.00000 |  0.00000 |  0.01000 |  0.01000 |  0.00000 |  0.01000 |
| almost ordered  |  0.00000 |  0.00000 |  0.01000 |  0.00000 |  0.01000 |  0.00000 |  0.01000 |  0.00000 |  0.00000 |
| almost reversed |  0.00000 |  0.01000 |  0.00000 |  0.00000 |  0.01000 |  0.00000 |  0.01000 |  0.01000 |  0.00000 |

INSERTION SORT table
| starting array  |    10000 |    15000 |    20000 |    25000 |    30000 |    35000 |    40000 |    45000 |    50000 |
|-----------------+----------+----------+----------+----------+----------+----------+----------+----------+----------|
| random          |  0.25000 |  0.55000 |  0.98000 |  1.52000 |  2.19000 |  3.02000 |  3.91000 |  4.95000 |  6.08000 |
| ordered         |  0.00000 |  0.00000 |  0.00000 |  0.01000 |  0.00000 |  0.00000 |  0.00000 |  0.00000 |  0.00000 |
| reversed        |  0.00000 |  0.00000 |  0.00000 |  0.00000 |  0.00000 |  0.00000 |  0.00000 |  0.00000 |  0.00000 |
| almost ordered  |  0.00000 |  0.00000 |  0.00000 |  0.00000 |  0.00000 |  0.00000 |  0.00000 |  0.00000 |  0.00000 |
| almost reversed |  0.00000 |  0.00000 |  0.00000 |  0.00000 |  0.00000 |  0.00000 |  0.00000 |  0.00000 |  0.00000 |

COCKTAIL SORT table
| starting array  |    10000 |    15000 |    20000 |    25000 |    30000 |    35000 |    40000 |    45000 |    50000 |
|-----------------+----------+----------+----------+----------+----------+----------+----------+----------+----------|
| random          |  0.41000 |  0.92000 |  1.61000 |  2.54000 |  3.65000 |  4.98000 |  6.48000 |  8.23000 | 10.13000 |
| ordered         |  0.00000 |  0.00000 |  0.00000 |  0.00000 |  0.00000 |  0.00000 |  0.00000 |  0.00000 |  0.00000 |
| reversed        |  0.00000 |  0.00000 |  0.01000 |  0.00000 |  0.00000 |  0.00000 |  0.00000 |  0.00000 |  0.00000 |
| almost ordered  |  0.00000 |  0.00000 |  0.00000 |  0.00000 |  0.00000 |  0.00000 |  0.00000 |  0.01000 |  0.00000 |
| almost reversed |  0.00000 |  0.00000 |  0.00000 |  0.00000 |  0.00000 |  0.00000 |  0.00000 |  0.00000 |  0.00000 |

BUCKET SORT table
| starting array  |    10000 |    15000 |    20000 |    25000 |    30000 |    35000 |    40000 |    45000 |    50000 |
|-----------------+----------+----------+----------+----------+----------+----------+----------+----------+----------|
| random          |  0.01000 |  0.00000 |  0.00000 |  0.01000 |  0.00000 |  0.00000 |  0.01000 |  0.00000 |  0.00000 |
| ordered         |  0.00000 |  0.00000 |  0.00000 |  0.00000 |  0.00000 |  0.01000 |  0.00000 |  0.00000 |  0.00000 |
| reversed        |  0.00000 |  0.00000 |  0.00000 |  0.00000 |  0.00000 |  0.00000 |  0.00000 |  0.00000 |  0.00000 |
| almost ordered  |  0.00000 |  0.01000 |  0.00000 |  0.00000 |  0.00000 |  0.00000 |  0.00000 |  0.00000 |  0.01000 |
| almost reversed |  0.00000 |  0.00000 |  0.00000 |  0.00000 |  0.00000 |  0.00000 |  0.00000 |  0.01000 |  0.00000 |

MIN: -1000
MAX: 1000
CMP: 1000

TIM SORT table
| starting array  |    10000 |    15000 |    20000 |    25000 |    30000 |    35000 |    40000 |    45000 |    50000 |
|-----------------+----------+----------+----------+----------+----------+----------+----------+----------+----------|
| random          |  0.23000 |  0.35000 |  0.50000 |  0.62000 |  0.76000 |  0.93000 |  1.05000 |  1.20000 |  1.33000 |
| ordered         |  0.02000 |  0.03000 |  0.03000 |  0.05000 |  0.05000 |  0.06000 |  0.07000 |  0.08000 |  0.09000 |
| reversed        |  0.02000 |  0.02000 |  0.04000 |  0.05000 |  0.05000 |  0.07000 |  0.07000 |  0.08000 |  0.09000 |
| almost ordered  |  0.02000 |  0.03000 |  0.04000 |  0.04000 |  0.06000 |  0.06000 |  0.08000 |  0.08000 |  0.09000 |
| almost reversed |  0.02000 |  0.03000 |  0.03000 |  0.05000 |  0.05000 |  0.06000 |  0.07000 |  0.09000 |  0.09000 |

QUICK SORT table
| starting array  |    10000 |    15000 |    20000 |    25000 |    30000 |    35000 |    40000 |    45000 |    50000 |
|-----------------+----------+----------+----------+----------+----------+----------+----------+----------+----------|
| random          |  0.35000 |  0.57000 |  0.77000 |  1.04000 |  1.17000 |  1.37000 |  1.58000 |  1.79000 |  2.03000 |
| ordered         |  0.32000 |  0.44000 |  0.67000 |  0.82000 |  0.94000 |  1.29000 |  1.41000 |  1.54000 |  1.72000 |
| reversed        |  0.32000 |  0.44000 |  0.67000 |  0.81000 |  0.94000 |  1.29000 |  1.41000 |  1.55000 |  1.72000 |
| almost ordered  |  0.32000 |  0.44000 |  0.67000 |  0.82000 |  0.94000 |  1.29000 |  1.42000 |  1.54000 |  1.72000 |
| almost reversed |  0.32000 |  0.44000 |  0.67000 |  0.82000 |  0.94000 |  1.29000 |  1.41000 |  1.55000 |  1.72000 |

BUCKET SORT table
| starting array  |    10000 |    15000 |    20000 |    25000 |    30000 |    35000 |    40000 |    45000 |    50000 |
|-----------------+----------+----------+----------+----------+----------+----------+----------+----------+----------|
| random          |  0.00000 |  0.01000 |  0.00000 |  0.00000 |  0.00000 |  0.00000 |  0.01000 |  0.00000 |  0.01000 |
| ordered         |  0.00000 |  0.00000 |  0.00000 |  0.00000 |  0.00000 |  0.00000 |  0.01000 |  0.00000 |  0.00000 |
| reversed        |  0.00000 |  0.00000 |  0.00000 |  0.00000 |  0.01000 |  0.00000 |  0.00000 |  0.00000 |  0.00000 |
| almost ordered  |  0.00000 |  0.00000 |  0.00000 |  0.00000 |  0.00000 |  0.00000 |  0.00000 |  0.00000 |  0.01000 |
| almost reversed |  0.00000 |  0.00000 |  0.00000 |  0.00000 |  0.00000 |  0.00000 |  0.00000 |  0.01000 |  0.00000 |

MIN: -1000
MAX: 1000
CMP: 100

TIM SORT table
| starting array  |    10000 |    15000 |    20000 |    25000 |    30000 |    35000 |    40000 |    45000 |    50000 |
|-----------------+----------+----------+----------+----------+----------+----------+----------+----------+----------|
| random          |  0.03000 |  0.05000 |  0.07000 |  0.08000 |  0.10000 |  0.12000 |  0.14000 |  0.16000 |  0.17000 |
| ordered         |  0.01000 |  0.00000 |  0.01000 |  0.00000 |  0.01000 |  0.01000 |  0.01000 |  0.01000 |  0.01000 |
| reversed        |  0.00000 |  0.00000 |  0.01000 |  0.00000 |  0.00000 |  0.01000 |  0.01000 |  0.01000 |  0.01000 |
| almost ordered  |  0.01000 |  0.00000 |  0.00000 |  0.01000 |  0.01000 |  0.00000 |  0.00000 |  0.01000 |  0.01000 |
| almost reversed |  0.00000 |  0.00000 |  0.01000 |  0.00000 |  0.00000 |  0.01000 |  0.01000 |  0.01000 |  0.01000 |

QUICK SORT table
| starting array  |    10000 |    15000 |    20000 |    25000 |    30000 |    35000 |    40000 |    45000 |    50000 |
|-----------------+----------+----------+----------+----------+----------+----------+----------+----------+----------|
| random          |  0.04000 |  0.06000 |  0.09000 |  0.11000 |  0.13000 |  0.16000 |  0.18000 |  0.20000 |  0.23000 |
| ordered         |  0.03000 |  0.05000 |  0.08000 |  0.09000 |  0.11000 |  0.14000 |  0.16000 |  0.17000 |  0.19000 |
| reversed        |  0.04000 |  0.05000 |  0.07000 |  0.09000 |  0.10000 |  0.14000 |  0.16000 |  0.17000 |  0.20000 |
| almost ordered  |  0.03000 |  0.05000 |  0.08000 |  0.09000 |  0.10000 |  0.14000 |  0.16000 |  0.17000 |  0.19000 |
| almost reversed |  0.04000 |  0.05000 |  0.07000 |  0.09000 |  0.11000 |  0.14000 |  0.16000 |  0.17000 |  0.20000 |

BUCKET SORT table
| starting array  |    10000 |    15000 |    20000 |    25000 |    30000 |    35000 |    40000 |    45000 |    50000 |
|-----------------+----------+----------+----------+----------+----------+----------+----------+----------+----------|
| random          |  0.00000 |  0.00000 |  0.00000 |  0.01000 |  0.00000 |  0.01000 |  0.00000 |  0.01000 |  0.00000 |
| ordered         |  0.00000 |  0.00000 |  0.00000 |  0.00000 |  0.01000 |  0.00000 |  0.00000 |  0.00000 |  0.00000 |
| reversed        |  0.00000 |  0.00000 |  0.01000 |  0.00000 |  0.00000 |  0.00000 |  0.00000 |  0.00000 |  0.01000 |
| almost ordered  |  0.00000 |  0.00000 |  0.00000 |  0.00000 |  0.00000 |  0.00000 |  0.00000 |  0.01000 |  0.00000 |
| almost reversed |  0.00000 |  0.00000 |  0.00000 |  0.00000 |  0.00000 |  0.00000 |  0.00000 |  0.00000 |  0.00000 |

MIN: -1000
MAX: 1000
CMP: 10

TIM SORT table
| starting array  |    10000 |    15000 |    20000 |    25000 |    30000 |    35000 |    40000 |    45000 |    50000 |
|-----------------+----------+----------+----------+----------+----------+----------+----------+----------+----------|
| random          |  0.01000 |  0.01000 |  0.02000 |  0.02000 |  0.03000 |  0.04000 |  0.03000 |  0.04000 |  0.05000 |
| ordered         |  0.00000 |  0.00000 |  0.00000 |  0.00000 |  0.00000 |  0.00000 |  0.00000 |  0.00000 |  0.01000 |
| reversed        |  0.00000 |  0.00000 |  0.00000 |  0.00000 |  0.00000 |  0.00000 |  0.00000 |  0.00000 |  0.00000 |
| almost ordered  |  0.00000 |  0.01000 |  0.00000 |  0.00000 |  0.00000 |  0.00000 |  0.01000 |  0.00000 |  0.00000 |
| almost reversed |  0.00000 |  0.00000 |  0.01000 |  0.00000 |  0.00000 |  0.00000 |  0.00000 |  0.00000 |  0.00000 |

QUICK SORT table
| starting array  |    10000 |    15000 |    20000 |    25000 |    30000 |    35000 |    40000 |    45000 |    50000 |
|-----------------+----------+----------+----------+----------+----------+----------+----------+----------+----------|
| random          |  0.01000 |  0.00000 |  0.01000 |  0.01000 |  0.02000 |  0.02000 |  0.02000 |  0.02000 |  0.02000 |
| ordered         |  0.01000 |  0.00000 |  0.01000 |  0.01000 |  0.01000 |  0.02000 |  0.02000 |  0.02000 |  0.02000 |
| reversed        |  0.00000 |  0.01000 |  0.00000 |  0.00000 |  0.01000 |  0.01000 |  0.02000 |  0.02000 |  0.02000 |
| almost ordered  |  0.00000 |  0.01000 |  0.01000 |  0.01000 |  0.01000 |  0.02000 |  0.01000 |  0.02000 |  0.02000 |
| almost reversed |  0.01000 |  0.00000 |  0.01000 |  0.01000 |  0.01000 |  0.02000 |  0.02000 |  0.02000 |  0.02000 |

BUCKET SORT table
| starting array  |    10000 |    15000 |    20000 |    25000 |    30000 |    35000 |    40000 |    45000 |    50000 |
|-----------------+----------+----------+----------+----------+----------+----------+----------+----------+----------|
| random          |  0.00000 |  0.00000 |  0.01000 |  0.00000 |  0.00000 |  0.01000 |  0.00000 |  0.01000 |  0.00000 |
| ordered         |  0.00000 |  0.01000 |  0.00000 |  0.00000 |  0.00000 |  0.00000 |  0.00000 |  0.00000 |  0.01000 |
| reversed        |  0.00000 |  0.00000 |  0.00000 |  0.00000 |  0.00000 |  0.00000 |  0.00000 |  0.01000 |  0.00000 |
| almost ordered  |  0.00000 |  0.00000 |  0.00000 |  0.00000 |  0.00000 |  0.01000 |  0.00000 |  0.00000 |  0.00000 |
| almost reversed |  0.00000 |  0.00000 |  0.00000 |  0.01000 |  0.00000 |  0.00000 |  0.00000 |  0.00000 |  0.00000 |

** Wide
MIN: 0
MAX: 100000
CMP: 0

TIM SORT table
| starting array  |    10000 |    15000 |    20000 |    25000 |    30000 |    35000 |    40000 |    45000 |    50000 |
|-----------------+----------+----------+----------+----------+----------+----------+----------+----------+----------|
| random          |  0.00000 |  0.01000 |  0.02000 |  0.02000 |  0.02000 |  0.03000 |  0.03000 |  0.04000 |  0.04000 |
| ordered         |  0.00000 |  0.00000 |  0.00000 |  0.00000 |  0.01000 |  0.00000 |  0.00000 |  0.00000 |  0.00000 |
| reversed        |  0.01000 |  0.00000 |  0.00000 |  0.00000 |  0.00000 |  0.00000 |  0.01000 |  0.00000 |  0.00000 |
| almost ordered  |  0.01000 |  0.00000 |  0.01000 |  0.01000 |  0.02000 |  0.01000 |  0.02000 |  0.02000 |  0.03000 |
| almost reversed |  0.00000 |  0.01000 |  0.01000 |  0.02000 |  0.02000 |  0.02000 |  0.02000 |  0.03000 |  0.03000 |

QUICK SORT table
| starting array  |    10000 |    15000 |    20000 |    25000 |    30000 |    35000 |    40000 |    45000 |    50000 |
|-----------------+----------+----------+----------+----------+----------+----------+----------+----------+----------|
| random          |  0.00000 |  0.00000 |  0.01000 |  0.00000 |  0.01000 |  0.00000 |  0.00000 |  0.01000 |  0.01000 |
| ordered         |  0.01000 |  0.00000 |  0.00000 |  0.00000 |  0.00000 |  0.01000 |  0.00000 |  0.01000 |  0.00000 |
| reversed        |  0.00000 |  0.00000 |  0.00000 |  0.01000 |  0.00000 |  0.00000 |  0.01000 |  0.00000 |  0.01000 |
| almost ordered  |  0.00000 |  0.00000 |  0.00000 |  0.00000 |  0.00000 |  0.00000 |  0.01000 |  0.00000 |  0.01000 |
| almost reversed |  0.00000 |  0.00000 |  0.01000 |  0.00000 |  0.01000 |  0.00000 |  0.01000 |  0.01000 |  0.00000 |

INSERTION SORT table
| starting array  |    10000 |    15000 |    20000 |    25000 |    30000 |    35000 |    40000 |    45000 |    50000 |
|-----------------+----------+----------+----------+----------+----------+----------+----------+----------+----------|
| random          |  0.25000 |  0.55000 |  0.99000 |  1.53000 |  2.22000 |  3.00000 |  3.90000 |  4.94000 |  6.10000 |
| ordered         |  0.00000 |  0.00000 |  0.00000 |  0.01000 |  0.00000 |  0.00000 |  0.00000 |  0.00000 |  0.00000 |
| reversed        |  0.49000 |  1.10000 |  1.96000 |  3.04000 |  4.39000 |  5.97000 |  7.80000 |  9.87000 | 12.18000 |
| almost ordered  |  0.06000 |  0.12000 |  0.23000 |  0.35000 |  0.50000 |  0.70000 |  0.92000 |  1.14000 |  1.40000 |
| almost reversed |  0.43000 |  0.98000 |  1.72000 |  2.69000 |  3.88000 |  5.30000 |  6.89000 |  8.72000 | 10.79000 |

COCKTAIL SORT table
| starting array  |    10000 |    15000 |    20000 |    25000 |    30000 |    35000 |    40000 |    45000 |    50000 |
|-----------------+----------+----------+----------+----------+----------+----------+----------+----------+----------|
| random          |  0.41000 |  0.92000 |  1.62000 |  2.53000 |  3.64000 |  4.98000 |  6.48000 |  8.18000 | 10.12000 |
| ordered         |  0.00000 |  0.00000 |  0.00000 |  0.00000 |  0.00000 |  0.00000 |  0.00000 |  0.00000 |  0.00000 |
| reversed        |  0.52000 |  1.15000 |  2.05000 |  3.20000 |  4.60000 |  6.26000 |  8.18000 | 10.34000 | 12.77000 |
| almost ordered  |  0.08000 |  0.18000 |  0.33000 |  0.51000 |  0.72000 |  1.01000 |  1.29000 |  1.64000 |  2.03000 |
| almost reversed |  0.51000 |  1.13000 |  2.01000 |  3.14000 |  4.53000 |  6.15000 |  8.04000 | 10.16000 | 12.56000 |

BUCKET SORT table
| starting array  |    10000 |    15000 |    20000 |    25000 |    30000 |    35000 |    40000 |    45000 |    50000 |
|-----------------+----------+----------+----------+----------+----------+----------+----------+----------+----------|
| random          |  0.01000 |  0.01000 |  0.02000 |  0.01000 |  0.02000 |  0.02000 |  0.02000 |  0.03000 |  0.02000 |
| ordered         |  0.01000 |  0.01000 |  0.03000 |  0.01000 |  0.02000 |  0.02000 |  0.01000 |  0.02000 |  0.03000 |
| reversed        |  0.01000 |  0.02000 |  0.01000 |  0.02000 |  0.01000 |  0.02000 |  0.02000 |  0.02000 |  0.03000 |
| almost ordered  |  0.02000 |  0.01000 |  0.01000 |  0.02000 |  0.02000 |  0.01000 |  0.02000 |  0.03000 |  0.02000 |
| almost reversed |  0.01000 |  0.01000 |  0.01000 |  0.02000 |  0.02000 |  0.02000 |  0.03000 |  0.01000 |  0.02000 |

MIN: 0
MAX: 100000
CMP: 1000

TIM SORT table
| starting array  |    10000 |    15000 |    20000 |    25000 |    30000 |    35000 |    40000 |    45000 |    50000 |
|-----------------+----------+----------+----------+----------+----------+----------+----------+----------+----------|
| random          |  0.22000 |  0.36000 |  0.49000 |  0.62000 |  0.77000 |  0.92000 |  1.06000 |  1.20000 |  1.35000 |
| ordered         |  0.01000 |  0.03000 |  0.04000 |  0.04000 |  0.05000 |  0.06000 |  0.07000 |  0.08000 |  0.09000 |
| reversed        |  0.02000 |  0.03000 |  0.04000 |  0.04000 |  0.06000 |  0.06000 |  0.08000 |  0.08000 |  0.09000 |
| almost ordered  |  0.13000 |  0.21000 |  0.26000 |  0.34000 |  0.42000 |  0.48000 |  0.55000 |  0.63000 |  0.71000 |
| almost reversed |  0.13000 |  0.22000 |  0.27000 |  0.35000 |  0.44000 |  0.49000 |  0.58000 |  0.66000 |  0.73000 |

QUICK SORT table
| starting array  |    10000 |    15000 |    20000 |    25000 |    30000 |    35000 |    40000 |    45000 |    50000 |
|-----------------+----------+----------+----------+----------+----------+----------+----------+----------+----------|
| random          |  0.36000 |  0.55000 |  0.80000 |  0.95000 |  1.15000 |  1.41000 |  1.55000 |  1.81000 |  2.07000 |
| ordered         |  0.28000 |  0.43000 |  0.58000 |  0.72000 |  0.87000 |  1.01000 |  1.15000 |  1.27000 |  1.41000 |
| reversed        |  0.25000 |  0.40000 |  0.56000 |  0.73000 |  0.87000 |  1.01000 |  1.14000 |  1.27000 |  1.41000 |
| almost ordered  |  0.29000 |  0.44000 |  0.60000 |  0.74000 |  0.91000 |  1.10000 |  1.19000 |  1.35000 |  1.49000 |
| almost reversed |  0.32000 |  0.50000 |  0.65000 |  0.84000 |  1.02000 |  1.20000 |  1.38000 |  1.58000 |  1.76000 |

BUCKET SORT table
| starting array  |    10000 |    15000 |    20000 |    25000 |    30000 |    35000 |    40000 |    45000 |    50000 |
|-----------------+----------+----------+----------+----------+----------+----------+----------+----------+----------|
| random          |  0.01000 |  0.02000 |  0.01000 |  0.02000 |  0.02000 |  0.03000 |  0.02000 |  0.02000 |  0.03000 |
| ordered         |  0.01000 |  0.01000 |  0.01000 |  0.03000 |  0.02000 |  0.02000 |  0.02000 |  0.02000 |  0.02000 |
| reversed        |  0.01000 |  0.01000 |  0.02000 |  0.01000 |  0.02000 |  0.02000 |  0.03000 |  0.02000 |  0.02000 |
| almost ordered  |  0.01000 |  0.01000 |  0.02000 |  0.02000 |  0.01000 |  0.02000 |  0.03000 |  0.02000 |  0.03000 |
| almost reversed |  0.01000 |  0.01000 |  0.02000 |  0.01000 |  0.02000 |  0.03000 |  0.02000 |  0.02000 |  0.02000 |

MIN: 0
MAX: 100000
CMP: 100

TIM SORT table
| starting array  |    10000 |    15000 |    20000 |    25000 |    30000 |    35000 |    40000 |    45000 |    50000 |
|-----------------+----------+----------+----------+----------+----------+----------+----------+----------+----------|
| random          |  0.04000 |  0.04000 |  0.07000 |  0.08000 |  0.10000 |  0.12000 |  0.14000 |  0.16000 |  0.18000 |
| ordered         |  0.00000 |  0.00000 |  0.01000 |  0.00000 |  0.00000 |  0.01000 |  0.01000 |  0.01000 |  0.01000 |
| reversed        |  0.01000 |  0.00000 |  0.00000 |  0.01000 |  0.01000 |  0.01000 |  0.01000 |  0.01000 |  0.01000 |
| almost ordered  |  0.02000 |  0.03000 |  0.03000 |  0.05000 |  0.06000 |  0.06000 |  0.08000 |  0.08000 |  0.10000 |
| almost reversed |  0.02000 |  0.03000 |  0.04000 |  0.05000 |  0.06000 |  0.07000 |  0.08000 |  0.09000 |  0.11000 |

QUICK SORT table
| starting array  |    10000 |    15000 |    20000 |    25000 |    30000 |    35000 |    40000 |    45000 |    50000 |
|-----------------+----------+----------+----------+----------+----------+----------+----------+----------+----------|
| random          |  0.04000 |  0.05000 |  0.09000 |  0.10000 |  0.14000 |  0.16000 |  0.17000 |  0.20000 |  0.23000 |
| ordered         |  0.03000 |  0.05000 |  0.06000 |  0.08000 |  0.10000 |  0.11000 |  0.12000 |  0.14000 |  0.15000 |
| reversed        |  0.03000 |  0.04000 |  0.06000 |  0.08000 |  0.10000 |  0.11000 |  0.12000 |  0.14000 |  0.15000 |
| almost ordered  |  0.03000 |  0.05000 |  0.07000 |  0.08000 |  0.10000 |  0.11000 |  0.13000 |  0.15000 |  0.16000 |
| almost reversed |  0.03000 |  0.06000 |  0.07000 |  0.09000 |  0.11000 |  0.13000 |  0.16000 |  0.17000 |  0.19000 |

BUCKET SORT table
| starting array  |    10000 |    15000 |    20000 |    25000 |    30000 |    35000 |    40000 |    45000 |    50000 |
|-----------------+----------+----------+----------+----------+----------+----------+----------+----------+----------|
| random          |  0.01000 |  0.02000 |  0.01000 |  0.02000 |  0.02000 |  0.02000 |  0.03000 |  0.02000 |  0.03000 |
| ordered         |  0.01000 |  0.01000 |  0.02000 |  0.01000 |  0.02000 |  0.03000 |  0.02000 |  0.01000 |  0.03000 |
| reversed        |  0.01000 |  0.01000 |  0.02000 |  0.01000 |  0.03000 |  0.01000 |  0.02000 |  0.02000 |  0.02000 |
| almost ordered  |  0.02000 |  0.02000 |  0.01000 |  0.02000 |  0.01000 |  0.02000 |  0.02000 |  0.02000 |  0.02000 |
| almost reversed |  0.02000 |  0.01000 |  0.02000 |  0.01000 |  0.02000 |  0.02000 |  0.02000 |  0.02000 |  0.02000 |

MIN: 0
MAX: 100000
CMP: 10

TIM SORT table
| starting array  |    10000 |    15000 |    20000 |    25000 |    30000 |    35000 |    40000 |    45000 |    50000 |
|-----------------+----------+----------+----------+----------+----------+----------+----------+----------+----------|
| random          |  0.01000 |  0.02000 |  0.01000 |  0.03000 |  0.03000 |  0.03000 |  0.04000 |  0.04000 |  0.05000 |
| ordered         |  0.00000 |  0.01000 |  0.00000 |  0.00000 |  0.00000 |  0.00000 |  0.01000 |  0.00000 |  0.00000 |
| reversed        |  0.00000 |  0.00000 |  0.01000 |  0.00000 |  0.00000 |  0.00000 |  0.01000 |  0.00000 |  0.00000 |
| almost ordered  |  0.01000 |  0.01000 |  0.01000 |  0.01000 |  0.02000 |  0.02000 |  0.02000 |  0.03000 |  0.02000 |
| almost reversed |  0.01000 |  0.01000 |  0.01000 |  0.02000 |  0.02000 |  0.02000 |  0.02000 |  0.03000 |  0.03000 |

QUICK SORT table
| starting array  |    10000 |    15000 |    20000 |    25000 |    30000 |    35000 |    40000 |    45000 |    50000 |
|-----------------+----------+----------+----------+----------+----------+----------+----------+----------+----------|
| random          |  0.01000 |  0.00000 |  0.01000 |  0.01000 |  0.01000 |  0.02000 |  0.02000 |  0.02000 |  0.03000 |
| ordered         |  0.00000 |  0.00000 |  0.01000 |  0.01000 |  0.01000 |  0.01000 |  0.01000 |  0.02000 |  0.01000 |
| reversed        |  0.01000 |  0.00000 |  0.01000 |  0.00000 |  0.01000 |  0.02000 |  0.01000 |  0.01000 |  0.02000 |
| almost ordered  |  0.00000 |  0.01000 |  0.00000 |  0.01000 |  0.01000 |  0.02000 |  0.01000 |  0.02000 |  0.01000 |
| almost reversed |  0.01000 |  0.00000 |  0.01000 |  0.01000 |  0.01000 |  0.02000 |  0.02000 |  0.02000 |  0.02000 |

BUCKET SORT table
| starting array  |    10000 |    15000 |    20000 |    25000 |    30000 |    35000 |    40000 |    45000 |    50000 |
|-----------------+----------+----------+----------+----------+----------+----------+----------+----------+----------|
| random          |  0.01000 |  0.02000 |  0.01000 |  0.02000 |  0.02000 |  0.02000 |  0.02000 |  0.03000 |  0.02000 |
| ordered         |  0.01000 |  0.03000 |  0.01000 |  0.02000 |  0.01000 |  0.02000 |  0.02000 |  0.02000 |  0.02000 |
| reversed        |  0.02000 |  0.02000 |  0.01000 |  0.02000 |  0.02000 |  0.01000 |  0.02000 |  0.02000 |  0.03000 |
| almost ordered  |  0.02000 |  0.01000 |  0.01000 |  0.02000 |  0.02000 |  0.01000 |  0.03000 |  0.03000 |  0.02000 |
| almost reversed |  0.01000 |  0.01000 |  0.02000 |  0.01000 |  0.01000 |  0.02000 |  0.02000 |  0.03000 |  0.02000 |

