MIN: -1000
MAX: 1000
CMP: 1000

TIM SORT table
| starting array  |    10000 |    15000 |    20000 |    25000 |    30000 |    35000 |    40000 |    45000 |    50000 |
|-----------------+----------+----------+----------+----------+----------+----------+----------+----------+----------|
| random          |  0.23000 |  0.35000 |  0.50000 |  0.62000 |  0.76000 |  0.93000 |  1.05000 |  1.20000 |  1.33000 |
| ordered         |  0.02000 |  0.03000 |  0.03000 |  0.05000 |  0.05000 |  0.06000 |  0.07000 |  0.08000 |  0.09000 |
| reversed        |  0.02000 |  0.02000 |  0.04000 |  0.05000 |  0.05000 |  0.07000 |  0.07000 |  0.08000 |  0.09000 |
| almost ordered  |  0.02000 |  0.03000 |  0.04000 |  0.04000 |  0.06000 |  0.06000 |  0.08000 |  0.08000 |  0.09000 |
| almost reversed |  0.02000 |  0.03000 |  0.03000 |  0.05000 |  0.05000 |  0.06000 |  0.07000 |  0.09000 |  0.09000 |

QUICK SORT table
| starting array  |    10000 |    15000 |    20000 |    25000 |    30000 |    35000 |    40000 |    45000 |    50000 |
|-----------------+----------+----------+----------+----------+----------+----------+----------+----------+----------|
| random          |  0.35000 |  0.57000 |  0.77000 |  1.04000 |  1.17000 |  1.37000 |  1.58000 |  1.79000 |  2.03000 |
| ordered         |  0.32000 |  0.44000 |  0.67000 |  0.82000 |  0.94000 |  1.29000 |  1.41000 |  1.54000 |  1.72000 |
| reversed        |  0.32000 |  0.44000 |  0.67000 |  0.81000 |  0.94000 |  1.29000 |  1.41000 |  1.55000 |  1.72000 |
| almost ordered  |  0.32000 |  0.44000 |  0.67000 |  0.82000 |  0.94000 |  1.29000 |  1.42000 |  1.54000 |  1.72000 |
| almost reversed |  0.32000 |  0.44000 |  0.67000 |  0.82000 |  0.94000 |  1.29000 |  1.41000 |  1.55000 |  1.72000 |

BUCKET SORT table
| starting array  |    10000 |    15000 |    20000 |    25000 |    30000 |    35000 |    40000 |    45000 |    50000 |
|-----------------+----------+----------+----------+----------+----------+----------+----------+----------+----------|
| random          |  0.00000 |  0.01000 |  0.00000 |  0.00000 |  0.00000 |  0.00000 |  0.01000 |  0.00000 |  0.01000 |
| ordered         |  0.00000 |  0.00000 |  0.00000 |  0.00000 |  0.00000 |  0.00000 |  0.01000 |  0.00000 |  0.00000 |
| reversed        |  0.00000 |  0.00000 |  0.00000 |  0.00000 |  0.01000 |  0.00000 |  0.00000 |  0.00000 |  0.00000 |
| almost ordered  |  0.00000 |  0.00000 |  0.00000 |  0.00000 |  0.00000 |  0.00000 |  0.00000 |  0.00000 |  0.01000 |
| almost reversed |  0.00000 |  0.00000 |  0.00000 |  0.00000 |  0.00000 |  0.00000 |  0.00000 |  0.01000 |  0.00000 |

