MIN: -1000
MAX: 1000
CMP: 0

TIM SORT table
| starting array  |    10000 |    15000 |    20000 |    25000 |    30000 |    35000 |    40000 |    45000 |    50000 |
|-----------------+----------+----------+----------+----------+----------+----------+----------+----------+----------|
| random          |  0.01000 |  0.01000 |  0.02000 |  0.02000 |  0.02000 |  0.03000 |  0.03000 |  0.04000 |  0.04000 |
| ordered         |  0.00000 |  0.00000 |  0.00000 |  0.00000 |  0.00000 |  0.00000 |  0.00000 |  0.00000 |  0.00000 |
| reversed        |  0.00000 |  0.00000 |  0.00000 |  0.01000 |  0.00000 |  0.00000 |  0.00000 |  0.00000 |  0.00000 |
| almost ordered  |  0.00000 |  0.00000 |  0.00000 |  0.00000 |  0.00000 |  0.00000 |  0.00000 |  0.00000 |  0.00000 |
| almost reversed |  0.00000 |  0.00000 |  0.00000 |  0.00000 |  0.01000 |  0.00000 |  0.00000 |  0.00000 |  0.00000 |

QUICK SORT table
| starting array  |    10000 |    15000 |    20000 |    25000 |    30000 |    35000 |    40000 |    45000 |    50000 |
|-----------------+----------+----------+----------+----------+----------+----------+----------+----------+----------|
| random          |  0.01000 |  0.00000 |  0.00000 |  0.01000 |  0.00000 |  0.01000 |  0.01000 |  0.01000 |  0.01000 |
| ordered         |  0.00000 |  0.00000 |  0.01000 |  0.00000 |  0.00000 |  0.01000 |  0.01000 |  0.00000 |  0.01000 |
| reversed        |  0.00000 |  0.00000 |  0.01000 |  0.00000 |  0.00000 |  0.01000 |  0.01000 |  0.00000 |  0.01000 |
| almost ordered  |  0.00000 |  0.00000 |  0.01000 |  0.00000 |  0.01000 |  0.00000 |  0.01000 |  0.00000 |  0.00000 |
| almost reversed |  0.00000 |  0.01000 |  0.00000 |  0.00000 |  0.01000 |  0.00000 |  0.01000 |  0.01000 |  0.00000 |

INSERTION SORT table
| starting array  |    10000 |    15000 |    20000 |    25000 |    30000 |    35000 |    40000 |    45000 |    50000 |
|-----------------+----------+----------+----------+----------+----------+----------+----------+----------+----------|
| random          |  0.25000 |  0.55000 |  0.98000 |  1.52000 |  2.19000 |  3.02000 |  3.91000 |  4.95000 |  6.08000 |
| ordered         |  0.00000 |  0.00000 |  0.00000 |  0.01000 |  0.00000 |  0.00000 |  0.00000 |  0.00000 |  0.00000 |
| reversed        |  0.00000 |  0.00000 |  0.00000 |  0.00000 |  0.00000 |  0.00000 |  0.00000 |  0.00000 |  0.00000 |
| almost ordered  |  0.00000 |  0.00000 |  0.00000 |  0.00000 |  0.00000 |  0.00000 |  0.00000 |  0.00000 |  0.00000 |
| almost reversed |  0.00000 |  0.00000 |  0.00000 |  0.00000 |  0.00000 |  0.00000 |  0.00000 |  0.00000 |  0.00000 |

COCKTAIL SORT table
| starting array  |    10000 |    15000 |    20000 |    25000 |    30000 |    35000 |    40000 |    45000 |    50000 |
|-----------------+----------+----------+----------+----------+----------+----------+----------+----------+----------|
| random          |  0.41000 |  0.92000 |  1.61000 |  2.54000 |  3.65000 |  4.98000 |  6.48000 |  8.23000 | 10.13000 |
| ordered         |  0.00000 |  0.00000 |  0.00000 |  0.00000 |  0.00000 |  0.00000 |  0.00000 |  0.00000 |  0.00000 |
| reversed        |  0.00000 |  0.00000 |  0.01000 |  0.00000 |  0.00000 |  0.00000 |  0.00000 |  0.00000 |  0.00000 |
| almost ordered  |  0.00000 |  0.00000 |  0.00000 |  0.00000 |  0.00000 |  0.00000 |  0.00000 |  0.01000 |  0.00000 |
| almost reversed |  0.00000 |  0.00000 |  0.00000 |  0.00000 |  0.00000 |  0.00000 |  0.00000 |  0.00000 |  0.00000 |

BUCKET SORT table
| starting array  |    10000 |    15000 |    20000 |    25000 |    30000 |    35000 |    40000 |    45000 |    50000 |
|-----------------+----------+----------+----------+----------+----------+----------+----------+----------+----------|
| random          |  0.01000 |  0.00000 |  0.00000 |  0.01000 |  0.00000 |  0.00000 |  0.01000 |  0.00000 |  0.00000 |
| ordered         |  0.00000 |  0.00000 |  0.00000 |  0.00000 |  0.00000 |  0.01000 |  0.00000 |  0.00000 |  0.00000 |
| reversed        |  0.00000 |  0.00000 |  0.00000 |  0.00000 |  0.00000 |  0.00000 |  0.00000 |  0.00000 |  0.00000 |
| almost ordered  |  0.00000 |  0.01000 |  0.00000 |  0.00000 |  0.00000 |  0.00000 |  0.00000 |  0.00000 |  0.01000 |
| almost reversed |  0.00000 |  0.00000 |  0.00000 |  0.00000 |  0.00000 |  0.00000 |  0.00000 |  0.01000 |  0.00000 |

