MIN: -1000
MAX: 1000
CMP: 100

TIM SORT table
| starting array  |    10000 |    15000 |    20000 |    25000 |    30000 |    35000 |    40000 |    45000 |    50000 |
|-----------------+----------+----------+----------+----------+----------+----------+----------+----------+----------|
| random          |  0.03000 |  0.05000 |  0.07000 |  0.08000 |  0.10000 |  0.12000 |  0.14000 |  0.16000 |  0.17000 |
| ordered         |  0.01000 |  0.00000 |  0.01000 |  0.00000 |  0.01000 |  0.01000 |  0.01000 |  0.01000 |  0.01000 |
| reversed        |  0.00000 |  0.00000 |  0.01000 |  0.00000 |  0.00000 |  0.01000 |  0.01000 |  0.01000 |  0.01000 |
| almost ordered  |  0.01000 |  0.00000 |  0.00000 |  0.01000 |  0.01000 |  0.00000 |  0.00000 |  0.01000 |  0.01000 |
| almost reversed |  0.00000 |  0.00000 |  0.01000 |  0.00000 |  0.00000 |  0.01000 |  0.01000 |  0.01000 |  0.01000 |

QUICK SORT table
| starting array  |    10000 |    15000 |    20000 |    25000 |    30000 |    35000 |    40000 |    45000 |    50000 |
|-----------------+----------+----------+----------+----------+----------+----------+----------+----------+----------|
| random          |  0.04000 |  0.06000 |  0.09000 |  0.11000 |  0.13000 |  0.16000 |  0.18000 |  0.20000 |  0.23000 |
| ordered         |  0.03000 |  0.05000 |  0.08000 |  0.09000 |  0.11000 |  0.14000 |  0.16000 |  0.17000 |  0.19000 |
| reversed        |  0.04000 |  0.05000 |  0.07000 |  0.09000 |  0.10000 |  0.14000 |  0.16000 |  0.17000 |  0.20000 |
| almost ordered  |  0.03000 |  0.05000 |  0.08000 |  0.09000 |  0.10000 |  0.14000 |  0.16000 |  0.17000 |  0.19000 |
| almost reversed |  0.04000 |  0.05000 |  0.07000 |  0.09000 |  0.11000 |  0.14000 |  0.16000 |  0.17000 |  0.20000 |

BUCKET SORT table
| starting array  |    10000 |    15000 |    20000 |    25000 |    30000 |    35000 |    40000 |    45000 |    50000 |
|-----------------+----------+----------+----------+----------+----------+----------+----------+----------+----------|
| random          |  0.00000 |  0.00000 |  0.00000 |  0.01000 |  0.00000 |  0.01000 |  0.00000 |  0.01000 |  0.00000 |
| ordered         |  0.00000 |  0.00000 |  0.00000 |  0.00000 |  0.01000 |  0.00000 |  0.00000 |  0.00000 |  0.00000 |
| reversed        |  0.00000 |  0.00000 |  0.01000 |  0.00000 |  0.00000 |  0.00000 |  0.00000 |  0.00000 |  0.01000 |
| almost ordered  |  0.00000 |  0.00000 |  0.00000 |  0.00000 |  0.00000 |  0.00000 |  0.00000 |  0.01000 |  0.00000 |
| almost reversed |  0.00000 |  0.00000 |  0.00000 |  0.00000 |  0.00000 |  0.00000 |  0.00000 |  0.00000 |  0.00000 |

