MIN: 0
MAX: 1
CMP: 10

TIM SORT table
| starting array  |    10000 |    15000 |    20000 |    25000 |    30000 |    35000 |    40000 |    45000 |    50000 |
|-----------------+----------+----------+----------+----------+----------+----------+----------+----------+----------|
| random          |  0.00000 |  0.01000 |  0.01000 |  0.01000 |  0.01000 |  0.01000 |  0.02000 |  0.01000 |  0.01000 |
| ordered         |  0.00000 |  0.00000 |  0.01000 |  0.00000 |  0.00000 |  0.00000 |  0.00000 |  0.01000 |  0.00000 |
| reversed        |  0.00000 |  0.00000 |  0.00000 |  0.00000 |  0.00000 |  0.00000 |  0.00000 |  0.00000 |  0.00000 |
| almost ordered  |  0.00000 |  0.00000 |  0.00000 |  0.00000 |  0.00000 |  0.00000 |  0.00000 |  0.00000 |  0.01000 |
| almost reversed |  0.00000 |  0.00000 |  0.00000 |  0.00000 |  0.00000 |  0.01000 |  0.00000 |  0.00000 |  0.00000 |

QUICK SORT table
| starting array  |    10000 |    15000 |    20000 |    25000 |    30000 |    35000 |    40000 |    45000 |    50000 |
|-----------------+----------+----------+----------+----------+----------+----------+----------+----------+----------|
| random          |  0.01000 |  0.00000 |  0.01000 |  0.01000 |  0.02000 |  0.01000 |  0.02000 |  0.02000 |  0.02000 |
| ordered         |  0.00000 |  0.01000 |  0.01000 |  0.01000 |  0.01000 |  0.01000 |  0.02000 |  0.02000 |  0.02000 |
| reversed        |  0.01000 |  0.00000 |  0.01000 |  0.01000 |  0.01000 |  0.02000 |  0.01000 |  0.02000 |  0.02000 |
| almost ordered  |  0.01000 |  0.00000 |  0.01000 |  0.01000 |  0.01000 |  0.02000 |  0.02000 |  0.02000 |  0.02000 |
| almost reversed |  0.00000 |  0.01000 |  0.01000 |  0.01000 |  0.01000 |  0.01000 |  0.02000 |  0.02000 |  0.02000 |

BUCKET SORT table
| starting array  |    10000 |    15000 |    20000 |    25000 |    30000 |    35000 |    40000 |    45000 |    50000 |
|-----------------+----------+----------+----------+----------+----------+----------+----------+----------+----------|
| random          |  0.00000 |  0.00000 |  0.00000 |  0.00000 |  0.00000 |  0.00000 |  0.00000 |  0.00000 |  0.00000 |
| ordered         |  0.00000 |  0.00000 |  0.00000 |  0.01000 |  0.00000 |  0.00000 |  0.00000 |  0.00000 |  0.00000 |
| reversed        |  0.00000 |  0.00000 |  0.01000 |  0.00000 |  0.00000 |  0.00000 |  0.00000 |  0.00000 |  0.00000 |
| almost ordered  |  0.01000 |  0.00000 |  0.00000 |  0.00000 |  0.00000 |  0.00000 |  0.00000 |  0.00000 |  0.01000 |
| almost reversed |  0.00000 |  0.00000 |  0.00000 |  0.00000 |  0.00000 |  0.00000 |  0.00000 |  0.01000 |  0.00000 |

