MIN: 0
MAX: 1
CMP: 1000

TIM SORT table
| starting array  |    10000 |    15000 |    20000 |    25000 |    30000 |    35000 |    40000 |    45000 |    50000 |
|-----------------+----------+----------+----------+----------+----------+----------+----------+----------+----------|
| random          |  0.08000 |  0.13000 |  0.18000 |  0.22000 |  0.26000 |  0.31000 |  0.35000 |  0.40000 |  0.44000 |
| ordered         |  0.01000 |  0.03000 |  0.04000 |  0.04000 |  0.05000 |  0.06000 |  0.07000 |  0.08000 |  0.09000 |
| reversed        |  0.02000 |  0.03000 |  0.04000 |  0.04000 |  0.06000 |  0.06000 |  0.07000 |  0.08000 |  0.09000 |
| almost ordered  |  0.02000 |  0.03000 |  0.04000 |  0.04000 |  0.06000 |  0.06000 |  0.08000 |  0.08000 |  0.09000 |
| almost reversed |  0.02000 |  0.03000 |  0.04000 |  0.04000 |  0.06000 |  0.06000 |  0.08000 |  0.08000 |  0.09000 |

QUICK SORT table
| starting array  |    10000 |    15000 |    20000 |    25000 |    30000 |    35000 |    40000 |    45000 |    50000 |
|-----------------+----------+----------+----------+----------+----------+----------+----------+----------+----------|
| random          |  0.31000 |  0.49000 |  0.67000 |  0.85000 |  1.05000 |  1.22000 |  1.40000 |  1.56000 |  1.78000 |
| ordered         |  0.32000 |  0.44000 |  0.67000 |  0.82000 |  0.94000 |  1.30000 |  1.41000 |  1.55000 |  1.72000 |
| reversed        |  0.32000 |  0.44000 |  0.67000 |  0.82000 |  0.94000 |  1.29000 |  1.41000 |  1.55000 |  1.73000 |
| almost ordered  |  0.31000 |  0.45000 |  0.66000 |  0.81000 |  0.94000 |  1.29000 |  1.42000 |  1.54000 |  1.73000 |
| almost reversed |  0.31000 |  0.45000 |  0.67000 |  0.81000 |  0.95000 |  1.28000 |  1.41000 |  1.55000 |  1.73000 |

BUCKET SORT table
| starting array  |    10000 |    15000 |    20000 |    25000 |    30000 |    35000 |    40000 |    45000 |    50000 |
|-----------------+----------+----------+----------+----------+----------+----------+----------+----------+----------|
| random          |  0.00000 |  0.00000 |  0.00000 |  0.00000 |  0.00000 |  0.00000 |  0.00000 |  0.00000 |  0.00000 |
| ordered         |  0.00000 |  0.00000 |  0.00000 |  0.00000 |  0.00000 |  0.00000 |  0.00000 |  0.01000 |  0.00000 |
| reversed        |  0.00000 |  0.00000 |  0.00000 |  0.00000 |  0.00000 |  0.00000 |  0.00000 |  0.01000 |  0.00000 |
| almost ordered  |  0.00000 |  0.00000 |  0.00000 |  0.00000 |  0.00000 |  0.00000 |  0.01000 |  0.00000 |  0.00000 |
| almost reversed |  0.00000 |  0.00000 |  0.00000 |  0.00000 |  0.00000 |  0.01000 |  0.00000 |  0.00000 |  0.00000 |

