MIN: 0
MAX: 100000
CMP: 1000

TIM SORT table
| starting array  |    10000 |    15000 |    20000 |    25000 |    30000 |    35000 |    40000 |    45000 |    50000 |
|-----------------+----------+----------+----------+----------+----------+----------+----------+----------+----------|
| random          |  0.22000 |  0.36000 |  0.49000 |  0.62000 |  0.77000 |  0.92000 |  1.06000 |  1.20000 |  1.35000 |
| ordered         |  0.01000 |  0.03000 |  0.04000 |  0.04000 |  0.05000 |  0.06000 |  0.07000 |  0.08000 |  0.09000 |
| reversed        |  0.02000 |  0.03000 |  0.04000 |  0.04000 |  0.06000 |  0.06000 |  0.08000 |  0.08000 |  0.09000 |
| almost ordered  |  0.13000 |  0.21000 |  0.26000 |  0.34000 |  0.42000 |  0.48000 |  0.55000 |  0.63000 |  0.71000 |
| almost reversed |  0.13000 |  0.22000 |  0.27000 |  0.35000 |  0.44000 |  0.49000 |  0.58000 |  0.66000 |  0.73000 |

QUICK SORT table
| starting array  |    10000 |    15000 |    20000 |    25000 |    30000 |    35000 |    40000 |    45000 |    50000 |
|-----------------+----------+----------+----------+----------+----------+----------+----------+----------+----------|
| random          |  0.36000 |  0.55000 |  0.80000 |  0.95000 |  1.15000 |  1.41000 |  1.55000 |  1.81000 |  2.07000 |
| ordered         |  0.28000 |  0.43000 |  0.58000 |  0.72000 |  0.87000 |  1.01000 |  1.15000 |  1.27000 |  1.41000 |
| reversed        |  0.25000 |  0.40000 |  0.56000 |  0.73000 |  0.87000 |  1.01000 |  1.14000 |  1.27000 |  1.41000 |
| almost ordered  |  0.29000 |  0.44000 |  0.60000 |  0.74000 |  0.91000 |  1.10000 |  1.19000 |  1.35000 |  1.49000 |
| almost reversed |  0.32000 |  0.50000 |  0.65000 |  0.84000 |  1.02000 |  1.20000 |  1.38000 |  1.58000 |  1.76000 |

BUCKET SORT table
| starting array  |    10000 |    15000 |    20000 |    25000 |    30000 |    35000 |    40000 |    45000 |    50000 |
|-----------------+----------+----------+----------+----------+----------+----------+----------+----------+----------|
| random          |  0.01000 |  0.02000 |  0.01000 |  0.02000 |  0.02000 |  0.03000 |  0.02000 |  0.02000 |  0.03000 |
| ordered         |  0.01000 |  0.01000 |  0.01000 |  0.03000 |  0.02000 |  0.02000 |  0.02000 |  0.02000 |  0.02000 |
| reversed        |  0.01000 |  0.01000 |  0.02000 |  0.01000 |  0.02000 |  0.02000 |  0.03000 |  0.02000 |  0.02000 |
| almost ordered  |  0.01000 |  0.01000 |  0.02000 |  0.02000 |  0.01000 |  0.02000 |  0.03000 |  0.02000 |  0.03000 |
| almost reversed |  0.01000 |  0.01000 |  0.02000 |  0.01000 |  0.02000 |  0.03000 |  0.02000 |  0.02000 |  0.02000 |

