MIN: 0
MAX: 100000
CMP: 0

TIM SORT table
| starting array  |    10000 |    15000 |    20000 |    25000 |    30000 |    35000 |    40000 |    45000 |    50000 |
|-----------------+----------+----------+----------+----------+----------+----------+----------+----------+----------|
| random          |  0.00000 |  0.01000 |  0.02000 |  0.02000 |  0.02000 |  0.03000 |  0.03000 |  0.04000 |  0.04000 |
| ordered         |  0.00000 |  0.00000 |  0.00000 |  0.00000 |  0.01000 |  0.00000 |  0.00000 |  0.00000 |  0.00000 |
| reversed        |  0.01000 |  0.00000 |  0.00000 |  0.00000 |  0.00000 |  0.00000 |  0.01000 |  0.00000 |  0.00000 |
| almost ordered  |  0.01000 |  0.00000 |  0.01000 |  0.01000 |  0.02000 |  0.01000 |  0.02000 |  0.02000 |  0.03000 |
| almost reversed |  0.00000 |  0.01000 |  0.01000 |  0.02000 |  0.02000 |  0.02000 |  0.02000 |  0.03000 |  0.03000 |

QUICK SORT table
| starting array  |    10000 |    15000 |    20000 |    25000 |    30000 |    35000 |    40000 |    45000 |    50000 |
|-----------------+----------+----------+----------+----------+----------+----------+----------+----------+----------|
| random          |  0.00000 |  0.00000 |  0.01000 |  0.00000 |  0.01000 |  0.00000 |  0.00000 |  0.01000 |  0.01000 |
| ordered         |  0.01000 |  0.00000 |  0.00000 |  0.00000 |  0.00000 |  0.01000 |  0.00000 |  0.01000 |  0.00000 |
| reversed        |  0.00000 |  0.00000 |  0.00000 |  0.01000 |  0.00000 |  0.00000 |  0.01000 |  0.00000 |  0.01000 |
| almost ordered  |  0.00000 |  0.00000 |  0.00000 |  0.00000 |  0.00000 |  0.00000 |  0.01000 |  0.00000 |  0.01000 |
| almost reversed |  0.00000 |  0.00000 |  0.01000 |  0.00000 |  0.01000 |  0.00000 |  0.01000 |  0.01000 |  0.00000 |

INSERTION SORT table
| starting array  |    10000 |    15000 |    20000 |    25000 |    30000 |    35000 |    40000 |    45000 |    50000 |
|-----------------+----------+----------+----------+----------+----------+----------+----------+----------+----------|
| random          |  0.25000 |  0.55000 |  0.99000 |  1.53000 |  2.22000 |  3.00000 |  3.90000 |  4.94000 |  6.10000 |
| ordered         |  0.00000 |  0.00000 |  0.00000 |  0.01000 |  0.00000 |  0.00000 |  0.00000 |  0.00000 |  0.00000 |
| reversed        |  0.49000 |  1.10000 |  1.96000 |  3.04000 |  4.39000 |  5.97000 |  7.80000 |  9.87000 | 12.18000 |
| almost ordered  |  0.06000 |  0.12000 |  0.23000 |  0.35000 |  0.50000 |  0.70000 |  0.92000 |  1.14000 |  1.40000 |
| almost reversed |  0.43000 |  0.98000 |  1.72000 |  2.69000 |  3.88000 |  5.30000 |  6.89000 |  8.72000 | 10.79000 |

COCKTAIL SORT table
| starting array  |    10000 |    15000 |    20000 |    25000 |    30000 |    35000 |    40000 |    45000 |    50000 |
|-----------------+----------+----------+----------+----------+----------+----------+----------+----------+----------|
| random          |  0.41000 |  0.92000 |  1.62000 |  2.53000 |  3.64000 |  4.98000 |  6.48000 |  8.18000 | 10.12000 |
| ordered         |  0.00000 |  0.00000 |  0.00000 |  0.00000 |  0.00000 |  0.00000 |  0.00000 |  0.00000 |  0.00000 |
| reversed        |  0.52000 |  1.15000 |  2.05000 |  3.20000 |  4.60000 |  6.26000 |  8.18000 | 10.34000 | 12.77000 |
| almost ordered  |  0.08000 |  0.18000 |  0.33000 |  0.51000 |  0.72000 |  1.01000 |  1.29000 |  1.64000 |  2.03000 |
| almost reversed |  0.51000 |  1.13000 |  2.01000 |  3.14000 |  4.53000 |  6.15000 |  8.04000 | 10.16000 | 12.56000 |

BUCKET SORT table
| starting array  |    10000 |    15000 |    20000 |    25000 |    30000 |    35000 |    40000 |    45000 |    50000 |
|-----------------+----------+----------+----------+----------+----------+----------+----------+----------+----------|
| random          |  0.01000 |  0.01000 |  0.02000 |  0.01000 |  0.02000 |  0.02000 |  0.02000 |  0.03000 |  0.02000 |
| ordered         |  0.01000 |  0.01000 |  0.03000 |  0.01000 |  0.02000 |  0.02000 |  0.01000 |  0.02000 |  0.03000 |
| reversed        |  0.01000 |  0.02000 |  0.01000 |  0.02000 |  0.01000 |  0.02000 |  0.02000 |  0.02000 |  0.03000 |
| almost ordered  |  0.02000 |  0.01000 |  0.01000 |  0.02000 |  0.02000 |  0.01000 |  0.02000 |  0.03000 |  0.02000 |
| almost reversed |  0.01000 |  0.01000 |  0.01000 |  0.02000 |  0.02000 |  0.02000 |  0.03000 |  0.01000 |  0.02000 |

