** Same
MIN: 0
MAX: 1
CMP: 0

TIM SORT table
| starting array  |    10000 |    15000 |    20000 |    25000 |    30000 |    35000 |    40000 |    45000 |    50000 |
|-----------------+----------+----------+----------+----------+----------+----------+----------+----------+----------|
| random          |  0.01870 |  0.02029 |  0.02587 |  0.03313 |  0.04113 |  0.04509 |  0.05217 |  0.05950 |  0.06698 |
| ordered         |  0.00127 |  0.00188 |  0.00250 |  0.00313 |  0.00375 |  0.00437 |  0.00500 |  0.00563 |  0.00625 |
| reversed        |  0.00128 |  0.00192 |  0.00253 |  0.00318 |  0.00380 |  0.00441 |  0.00504 |  0.00568 |  0.00629 |
| almost ordered  |  0.00127 |  0.00189 |  0.00250 |  0.00313 |  0.00375 |  0.00438 |  0.00500 |  0.00562 |  0.00624 |
| almost reversed |  0.00130 |  0.00192 |  0.00254 |  0.00317 |  0.00380 |  0.00441 |  0.00505 |  0.00568 |  0.00630 |

QUICK SORT table
| starting array  |    10000 |    15000 |    20000 |    25000 |    30000 |    35000 |    40000 |    45000 |    50000 |
|-----------------+----------+----------+----------+----------+----------+----------+----------+----------+----------|
| random          |  0.00786 |  0.01107 |  0.01608 |  0.02110 |  0.02300 |  0.02924 |  0.03376 |  0.03588 |  0.04307 |
| ordered         |  0.00809 |  0.01023 |  0.01680 |  0.01928 |  0.02133 |  0.03277 |  0.03481 |  0.03703 |  0.03999 |
| reversed        |  0.00809 |  0.01020 |  0.01678 |  0.01924 |  0.02129 |  0.03272 |  0.03480 |  0.03700 |  0.04000 |
| almost ordered  |  0.00809 |  0.01022 |  0.01677 |  0.01927 |  0.02131 |  0.03276 |  0.03480 |  0.03704 |  0.04005 |
| almost reversed |  0.00810 |  0.01020 |  0.01679 |  0.01926 |  0.02131 |  0.03276 |  0.03482 |  0.03704 |  0.04008 |

INSERTION SORT table
| starting array  |    10000 |    15000 |    20000 |    25000 |    30000 |    35000 |    40000 |    45000 |    50000 |
|-----------------+----------+----------+----------+----------+----------+----------+----------+----------+----------|
| random          |  0.50777 |  1.16975 |  2.02688 |  3.20825 |  4.59955 |  6.19418 |  8.09579 | 10.31681 | 12.77453 |
| ordered         |  0.00033 |  0.00051 |  0.00066 |  0.00083 |  0.00100 |  0.00116 |  0.00132 |  0.00150 |  0.00166 |
| reversed        |  0.00074 |  0.00111 |  0.00148 |  0.00186 |  0.00221 |  0.00258 |  0.00296 |  0.00333 |  0.00369 |
| almost ordered  |  0.00033 |  0.00050 |  0.00066 |  0.00083 |  0.00100 |  0.00115 |  0.00132 |  0.00148 |  0.00165 |
| almost reversed |  0.00074 |  0.00075 |  0.00148 |  0.00185 |  0.00222 |  0.00259 |  0.00295 |  0.00333 |  0.00371 |

COCKTAIL SORT table
| starting array  |    10000 |    15000 |    20000 |    25000 |    30000 |    35000 |    40000 |    45000 |    50000 |
|-----------------+----------+----------+----------+----------+----------+----------+----------+----------+----------|
| random          |  1.38730 |  3.17093 |  5.62195 |  8.85107 | 12.63024 | 17.27785 | 22.65343 | 28.62456 | 35.26092 |
| ordered         |  0.00058 |  0.00086 |  0.00114 |  0.00145 |  0.00173 |  0.00201 |  0.00229 |  0.00258 |  0.00288 |
| reversed        |  0.00073 |  0.00109 |  0.00147 |  0.00183 |  0.00218 |  0.00254 |  0.00292 |  0.00328 |  0.00364 |
| almost ordered  |  0.00057 |  0.00086 |  0.00116 |  0.00144 |  0.00172 |  0.00201 |  0.00231 |  0.00259 |  0.00288 |
| almost reversed |  0.00074 |  0.00109 |  0.00146 |  0.00183 |  0.00219 |  0.00256 |  0.00291 |  0.00327 |  0.00365 |

BUCKET SORT table
| starting array  |    10000 |    15000 |    20000 |    25000 |    30000 |    35000 |    40000 |    45000 |    50000 |
|-----------------+----------+----------+----------+----------+----------+----------+----------+----------+----------|
| random          |  0.00123 |  0.00181 |  0.00243 |  0.00301 |  0.00360 |  0.00433 |  0.00509 |  0.00559 |  0.00620 |
| ordered         |  0.00123 |  0.00180 |  0.00243 |  0.00301 |  0.00361 |  0.00436 |  0.00504 |  0.00565 |  0.00624 |
| reversed        |  0.00121 |  0.00181 |  0.00243 |  0.00301 |  0.00362 |  0.00438 |  0.00505 |  0.00565 |  0.00625 |
| almost ordered  |  0.00121 |  0.00181 |  0.00243 |  0.00301 |  0.00361 |  0.00436 |  0.00503 |  0.00564 |  0.00624 |
| almost reversed |  0.00123 |  0.00180 |  0.00242 |  0.00301 |  0.00361 |  0.00440 |  0.00509 |  0.00565 |  0.00626 |

MIN: 0
MAX: 1
CMP: 1000

TIM SORT table
| starting array  |    10000 |    15000 |    20000 |    25000 |    30000 |    35000 |    40000 |    45000 |    50000 |
|-----------------+----------+----------+----------+----------+----------+----------+----------+----------+----------|
| random          |  0.25575 |  0.37893 |  0.51067 |  0.63498 |  0.75984 |  0.89290 |  1.01649 |  1.14840 |  1.27064 |
| ordered         |  0.05246 |  0.07866 |  0.10483 |  0.13110 |  0.15707 |  0.18326 |  0.20941 |  0.23559 |  0.26183 |
| reversed        |  0.05274 |  0.07912 |  0.10507 |  0.13129 |  0.15757 |  0.18354 |  0.20996 |  0.23620 |  0.26220 |
| almost ordered  |  0.05250 |  0.07866 |  0.10487 |  0.13105 |  0.15724 |  0.18324 |  0.20945 |  0.23572 |  0.26202 |
| almost reversed |  0.05275 |  0.07916 |  0.10511 |  0.13151 |  0.15756 |  0.18388 |  0.20965 |  0.23598 |  0.26232 |

QUICK SORT table
| starting array  |    10000 |    15000 |    20000 |    25000 |    30000 |    35000 |    40000 |    45000 |    50000 |
|-----------------+----------+----------+----------+----------+----------+----------+----------+----------+----------|
| random          |  0.89826 |  1.33411 |  1.89788 |  2.45628 |  3.05356 |  3.56642 |  4.00038 |  4.36689 |  5.15286 |
| ordered         |  0.90601 |  1.26648 |  1.91369 |  2.33376 |  2.68494 |  3.67996 |  4.03085 |  4.41546 |  4.92376 |
| reversed        |  0.90673 |  1.26571 |  1.91345 |  2.33407 |  2.68496 |  3.67976 |  4.03113 |  4.41544 |  4.92405 |
| almost ordered  |  0.90641 |  1.26803 |  1.91314 |  2.33368 |  2.68506 |  3.67991 |  4.03125 |  4.41531 |  4.92408 |
| almost reversed |  0.90637 |  1.26613 |  1.91338 |  2.33392 |  2.68493 |  3.67974 |  4.03100 |  4.41512 |  4.92388 |

BUCKET SORT table
| starting array  |    10000 |    15000 |    20000 |    25000 |    30000 |    35000 |    40000 |    45000 |    50000 |
|-----------------+----------+----------+----------+----------+----------+----------+----------+----------+----------|
| random          |  0.00124 |  0.00181 |  0.00242 |  0.00301 |  0.00363 |  0.00429 |  0.00503 |  0.00560 |  0.00619 |
| ordered         |  0.00124 |  0.00182 |  0.00249 |  0.00303 |  0.00362 |  0.00437 |  0.00505 |  0.00566 |  0.00627 |
| reversed        |  0.00121 |  0.00181 |  0.00243 |  0.00300 |  0.00361 |  0.00436 |  0.00504 |  0.00566 |  0.00625 |
| almost ordered  |  0.00121 |  0.00180 |  0.00243 |  0.00300 |  0.00361 |  0.00436 |  0.00503 |  0.00564 |  0.00624 |
| almost reversed |  0.00123 |  0.00180 |  0.00242 |  0.00301 |  0.00361 |  0.00436 |  0.00503 |  0.00565 |  0.00625 |

MIN: 0
MAX: 1
CMP: 100

TIM SORT table
| starting array  |    10000 |    15000 |    20000 |    25000 |    30000 |    35000 |    40000 |    45000 |    50000 |
|-----------------+----------+----------+----------+----------+----------+----------+----------+----------+----------|
| random          |  0.03812 |  0.05780 |  0.07640 |  0.09573 |  0.11591 |  0.13411 |  0.15326 |  0.17285 |  0.19329 |
| ordered         |  0.00685 |  0.01025 |  0.01367 |  0.01705 |  0.02046 |  0.02386 |  0.02727 |  0.03066 |  0.03411 |
| reversed        |  0.00690 |  0.01032 |  0.01371 |  0.01711 |  0.02053 |  0.02392 |  0.02731 |  0.03076 |  0.03416 |
| almost ordered  |  0.00684 |  0.01026 |  0.01364 |  0.01704 |  0.02044 |  0.02385 |  0.02725 |  0.03066 |  0.03406 |
| almost reversed |  0.01631 |  0.01159 |  0.01364 |  0.01711 |  0.02059 |  0.02397 |  0.02740 |  0.03082 |  0.03423 |

QUICK SORT table
| starting array  |    10000 |    15000 |    20000 |    25000 |    30000 |    35000 |    40000 |    45000 |    50000 |
|-----------------+----------+----------+----------+----------+----------+----------+----------+----------+----------|
| random          |  0.09888 |  0.16212 |  0.21226 |  0.26987 |  0.34059 |  0.38174 |  0.43222 |  0.48911 |  0.56995 |
| ordered         |  0.10143 |  0.14086 |  0.21417 |  0.26034 |  0.29871 |  0.41260 |  0.45125 |  0.49348 |  0.54983 |
| reversed        |  0.10166 |  0.14125 |  0.21434 |  0.26043 |  0.29902 |  0.41298 |  0.45136 |  0.49372 |  0.54941 |
| almost ordered  |  0.10174 |  0.14102 |  0.21452 |  0.26085 |  0.29912 |  0.41276 |  0.45083 |  0.49339 |  0.54950 |
| almost reversed |  0.10169 |  0.14103 |  0.21442 |  0.26111 |  0.29918 |  0.41283 |  0.45157 |  0.49328 |  0.54914 |

BUCKET SORT table
| starting array  |    10000 |    15000 |    20000 |    25000 |    30000 |    35000 |    40000 |    45000 |    50000 |
|-----------------+----------+----------+----------+----------+----------+----------+----------+----------+----------|
| random          |  0.00123 |  0.00182 |  0.00242 |  0.00301 |  0.00359 |  0.00432 |  0.00518 |  0.00559 |  0.00619 |
| ordered         |  0.00121 |  0.00181 |  0.00243 |  0.00300 |  0.00361 |  0.00438 |  0.00511 |  0.00564 |  0.00624 |
| reversed        |  0.00121 |  0.00181 |  0.00242 |  0.00301 |  0.00361 |  0.00437 |  0.00511 |  0.00563 |  0.00624 |
| almost ordered  |  0.00121 |  0.00181 |  0.00243 |  0.00300 |  0.00361 |  0.00439 |  0.00513 |  0.00564 |  0.00625 |
| almost reversed |  0.00121 |  0.00180 |  0.00243 |  0.00301 |  0.00361 |  0.00438 |  0.00513 |  0.00565 |  0.00623 |

MIN: 0
MAX: 1
CMP: 10

TIM SORT table
| starting array  |    10000 |    15000 |    20000 |    25000 |    30000 |    35000 |    40000 |    45000 |    50000 |
|-----------------+----------+----------+----------+----------+----------+----------+----------+----------+----------|
| random          |  0.01545 |  0.02422 |  0.03125 |  0.03970 |  0.04898 |  0.05473 |  0.06303 |  0.07150 |  0.08030 |
| ordered         |  0.00177 |  0.00266 |  0.00354 |  0.00442 |  0.00530 |  0.00619 |  0.00708 |  0.00796 |  0.00884 |
| reversed        |  0.00182 |  0.00271 |  0.00358 |  0.00447 |  0.00536 |  0.00623 |  0.00711 |  0.00801 |  0.00888 |
| almost ordered  |  0.00177 |  0.00266 |  0.00354 |  0.00443 |  0.00530 |  0.00619 |  0.00706 |  0.00795 |  0.00882 |
| almost reversed |  0.00178 |  0.00267 |  0.00356 |  0.00444 |  0.00531 |  0.00619 |  0.00708 |  0.00796 |  0.00885 |

QUICK SORT table
| starting array  |    10000 |    15000 |    20000 |    25000 |    30000 |    35000 |    40000 |    45000 |    50000 |
|-----------------+----------+----------+----------+----------+----------+----------+----------+----------+----------|
| random          |  0.01772 |  0.02895 |  0.03850 |  0.04977 |  0.06097 |  0.07012 |  0.07802 |  0.08906 |  0.10529 |
| ordered         |  0.01902 |  0.02559 |  0.03991 |  0.04768 |  0.05402 |  0.07704 |  0.08353 |  0.09075 |  0.10012 |
| reversed        |  0.01896 |  0.02556 |  0.03975 |  0.04788 |  0.05424 |  0.07741 |  0.08341 |  0.09061 |  0.09970 |
| almost ordered  |  0.01903 |  0.02560 |  0.03994 |  0.04770 |  0.05393 |  0.07711 |  0.08369 |  0.09077 |  0.10005 |
| almost reversed |  0.01895 |  0.02554 |  0.03975 |  0.04761 |  0.05418 |  0.07707 |  0.08331 |  0.09072 |  0.09998 |

BUCKET SORT table
| starting array  |    10000 |    15000 |    20000 |    25000 |    30000 |    35000 |    40000 |    45000 |    50000 |
|-----------------+----------+----------+----------+----------+----------+----------+----------+----------+----------|
| random          |  0.00123 |  0.00181 |  0.00242 |  0.00303 |  0.00362 |  0.00429 |  0.00505 |  0.00561 |  0.00619 |
| ordered         |  0.00125 |  0.00182 |  0.00248 |  0.00303 |  0.00362 |  0.00436 |  0.00505 |  0.00566 |  0.00625 |
| reversed        |  0.00121 |  0.00180 |  0.00242 |  0.00301 |  0.00361 |  0.00436 |  0.00506 |  0.00567 |  0.00630 |
| almost ordered  |  0.00121 |  0.00180 |  0.00242 |  0.00300 |  0.00361 |  0.00438 |  0.00506 |  0.00566 |  0.00626 |
| almost reversed |  0.00123 |  0.00181 |  0.00242 |  0.00301 |  0.00361 |  0.00436 |  0.00504 |  0.00563 |  0.00624 |

** Negative
MIN: -1000
MAX: 1000
CMP: 0

TIM SORT table
| starting array  |    10000 |    15000 |    20000 |    25000 |    30000 |    35000 |    40000 |    45000 |    50000 |
|-----------------+----------+----------+----------+----------+----------+----------+----------+----------+----------|
| random          |  0.03015 |  0.04823 |  0.06402 |  0.08229 |  0.10265 |  0.11670 |  0.13455 |  0.15266 |  0.17211 |
| ordered         |  0.00127 |  0.00188 |  0.00251 |  0.00313 |  0.00374 |  0.00438 |  0.00500 |  0.00562 |  0.00624 |
| reversed        |  0.00125 |  0.00188 |  0.00250 |  0.00313 |  0.00374 |  0.00437 |  0.00500 |  0.00561 |  0.00623 |
| almost ordered  |  0.00125 |  0.00188 |  0.00251 |  0.00313 |  0.00374 |  0.00437 |  0.00499 |  0.00563 |  0.00624 |
| almost reversed |  0.00125 |  0.00187 |  0.00250 |  0.00312 |  0.00375 |  0.00438 |  0.00499 |  0.00563 |  0.00624 |

QUICK SORT table
| starting array  |    10000 |    15000 |    20000 |    25000 |    30000 |    35000 |    40000 |    45000 |    50000 |
|-----------------+----------+----------+----------+----------+----------+----------+----------+----------+----------|
| random          |  0.00809 |  0.01245 |  0.01650 |  0.02115 |  0.02606 |  0.03123 |  0.03558 |  0.04027 |  0.04602 |
| ordered         |  0.00808 |  0.01020 |  0.01678 |  0.01924 |  0.02130 |  0.03272 |  0.03477 |  0.03699 |  0.04006 |
| reversed        |  0.00811 |  0.01021 |  0.01679 |  0.01926 |  0.02133 |  0.03276 |  0.03484 |  0.03707 |  0.04017 |
| almost ordered  |  0.00811 |  0.01020 |  0.01680 |  0.01926 |  0.02133 |  0.03276 |  0.03483 |  0.03701 |  0.04003 |
| almost reversed |  0.00810 |  0.01020 |  0.01678 |  0.01926 |  0.02133 |  0.03278 |  0.03489 |  0.03703 |  0.04001 |

INSERTION SORT table
| starting array  |    10000 |    15000 |    20000 |    25000 |    30000 |    35000 |    40000 |    45000 |    50000 |
|-----------------+----------+----------+----------+----------+----------+----------+----------+----------+----------|
| random          |  1.02376 |  2.28147 |  4.02693 |  6.34706 |  9.27348 | 12.40824 | 16.26001 | 20.71140 | 25.51672 |
| ordered         |  0.00033 |  0.00050 |  0.00066 |  0.00083 |  0.00099 |  0.00115 |  0.00133 |  0.00148 |  0.00165 |
| reversed        |  0.00033 |  0.00050 |  0.00066 |  0.00083 |  0.00100 |  0.00115 |  0.00132 |  0.00150 |  0.00166 |
| almost ordered  |  0.00033 |  0.00050 |  0.00068 |  0.00082 |  0.00099 |  0.00117 |  0.00133 |  0.00150 |  0.00166 |
| almost reversed |  0.00033 |  0.00050 |  0.00066 |  0.00083 |  0.00099 |  0.00117 |  0.00133 |  0.00149 |  0.00166 |

COCKTAIL SORT table
| starting array  |    10000 |    15000 |    20000 |    25000 |    30000 |    35000 |    40000 |    45000 |    50000 |
|-----------------+----------+----------+----------+----------+----------+----------+----------+----------+----------|
| random          |  1.55655 |  3.49092 |  6.21946 |  9.66231 | 13.94302 | 18.89963 | 24.98634 | 31.44864 | 38.72134 |
| ordered         |  0.00057 |  0.00087 |  0.00115 |  0.00145 |  0.00172 |  0.00201 |  0.00231 |  0.00261 |  0.00289 |
| reversed        |  0.00059 |  0.00086 |  0.00115 |  0.00144 |  0.00173 |  0.00202 |  0.00231 |  0.00260 |  0.00289 |
| almost ordered  |  0.00058 |  0.00088 |  0.00115 |  0.00144 |  0.00174 |  0.00202 |  0.00231 |  0.00259 |  0.00288 |
| almost reversed |  0.00058 |  0.00088 |  0.00115 |  0.00144 |  0.00174 |  0.00203 |  0.00230 |  0.00258 |  0.00288 |

BUCKET SORT table
| starting array  |    10000 |    15000 |    20000 |    25000 |    30000 |    35000 |    40000 |    45000 |    50000 |
|-----------------+----------+----------+----------+----------+----------+----------+----------+----------+----------|
| random          |  0.00846 |  0.01057 |  0.01211 |  0.01344 |  0.01481 |  0.01595 |  0.01699 |  0.01830 |  0.01916 |
| ordered         |  0.00200 |  0.00260 |  0.00326 |  0.00383 |  0.00441 |  0.00520 |  0.00588 |  0.00650 |  0.00713 |
| reversed        |  0.00195 |  0.00256 |  0.00320 |  0.00381 |  0.00442 |  0.00519 |  0.00588 |  0.00656 |  0.00715 |
| almost ordered  |  0.00195 |  0.00255 |  0.00320 |  0.00380 |  0.00443 |  0.00520 |  0.00588 |  0.00651 |  0.00714 |
| almost reversed |  0.00197 |  0.00256 |  0.00320 |  0.00379 |  0.00441 |  0.00519 |  0.00589 |  0.00654 |  0.00716 |

MIN: -1000
MAX: 1000
CMP: 1000

TIM SORT table
| starting array  |    10000 |    15000 |    20000 |    25000 |    30000 |    35000 |    40000 |    45000 |    50000 |
|-----------------+----------+----------+----------+----------+----------+----------+----------+----------+----------|
| random          |  0.66488 |  1.03208 |  1.42794 |  1.81726 |  2.22462 |  2.66309 |  3.05405 |  3.45228 |  3.85755 |
| ordered         |  0.05254 |  0.07883 |  0.10502 |  0.13135 |  0.15736 |  0.18361 |  0.21024 |  0.23650 |  0.26226 |
| reversed        |  0.05256 |  0.07896 |  0.10490 |  0.13112 |  0.15734 |  0.18358 |  0.20979 |  0.23610 |  0.26265 |
| almost ordered  |  0.05265 |  0.07877 |  0.10542 |  0.13216 |  0.15737 |  0.18360 |  0.21004 |  0.23720 |  0.26268 |
| almost reversed |  0.05257 |  0.07879 |  0.10493 |  0.13130 |  0.15756 |  0.18374 |  0.20982 |  0.23603 |  0.26271 |

QUICK SORT table
| starting array  |    10000 |    15000 |    20000 |    25000 |    30000 |    35000 |    40000 |    45000 |    50000 |
|-----------------+----------+----------+----------+----------+----------+----------+----------+----------+----------|
| random          |  0.99242 |  1.60464 |  2.13352 |  2.91307 |  3.36247 |  4.19389 |  4.53266 |  5.00435 |  5.97774 |
| ordered         |  0.90640 |  1.26641 |  1.91505 |  2.33330 |  2.68409 |  3.67900 |  4.03023 |  4.41413 |  4.92259 |
| reversed        |  0.90709 |  1.26639 |  1.91365 |  2.33325 |  2.68422 |  3.67895 |  4.03051 |  4.41418 |  4.92255 |
| almost ordered  |  0.90620 |  1.26804 |  1.91273 |  2.33327 |  2.68415 |  3.67892 |  4.03033 |  4.41421 |  4.92257 |
| almost reversed |  0.90575 |  1.26649 |  1.91364 |  2.33411 |  2.68427 |  3.67908 |  4.03033 |  4.41402 |  4.92262 |

BUCKET SORT table
| starting array  |    10000 |    15000 |    20000 |    25000 |    30000 |    35000 |    40000 |    45000 |    50000 |
|-----------------+----------+----------+----------+----------+----------+----------+----------+----------+----------|
| random          |  0.00853 |  0.01056 |  0.01210 |  0.01343 |  0.01482 |  0.01601 |  0.01704 |  0.01828 |  0.01916 |
| ordered         |  0.00202 |  0.00259 |  0.00326 |  0.00382 |  0.00442 |  0.00519 |  0.00588 |  0.00652 |  0.00714 |
| reversed        |  0.00196 |  0.00257 |  0.00320 |  0.00380 |  0.00444 |  0.00519 |  0.00588 |  0.00651 |  0.00715 |
| almost ordered  |  0.00197 |  0.00256 |  0.00320 |  0.00379 |  0.00443 |  0.00521 |  0.00588 |  0.00651 |  0.00715 |
| almost reversed |  0.00195 |  0.00255 |  0.00320 |  0.00379 |  0.00444 |  0.00522 |  0.00589 |  0.00652 |  0.00720 |

MIN: -1000
MAX: 1000
CMP: 100

TIM SORT table
| starting array  |    10000 |    15000 |    20000 |    25000 |    30000 |    35000 |    40000 |    45000 |    50000 |
|-----------------+----------+----------+----------+----------+----------+----------+----------+----------+----------|
| random          |  0.09531 |  0.14977 |  0.20472 |  0.26154 |  0.32262 |  0.38080 |  0.43671 |  0.49504 |  0.55405 |
| ordered         |  0.00675 |  0.01012 |  0.01368 |  0.01718 |  0.02099 |  0.02407 |  0.02732 |  0.03091 |  0.03439 |
| reversed        |  0.00685 |  0.01023 |  0.01364 |  0.01705 |  0.02047 |  0.02387 |  0.02745 |  0.03098 |  0.03410 |
| almost ordered  |  0.00683 |  0.01026 |  0.01370 |  0.01708 |  0.02064 |  0.02385 |  0.02724 |  0.03067 |  0.03408 |
| almost reversed |  0.00683 |  0.01032 |  0.01364 |  0.01707 |  0.02048 |  0.02387 |  0.02729 |  0.03071 |  0.03413 |

QUICK SORT table
| starting array  |    10000 |    15000 |    20000 |    25000 |    30000 |    35000 |    40000 |    45000 |    50000 |
|-----------------+----------+----------+----------+----------+----------+----------+----------+----------+----------|
| random          |  0.11189 |  0.18206 |  0.23782 |  0.29987 |  0.38274 |  0.43524 |  0.49552 |  0.55637 |  0.65156 |
| ordered         |  0.10145 |  0.14079 |  0.21397 |  0.26008 |  0.29835 |  0.41143 |  0.45026 |  0.49215 |  0.54723 |
| reversed        |  0.10145 |  0.14078 |  0.21398 |  0.25974 |  0.29840 |  0.41246 |  0.45017 |  0.49207 |  0.54763 |
| almost ordered  |  0.10149 |  0.14079 |  0.21396 |  0.26047 |  0.29844 |  0.41147 |  0.44990 |  0.49264 |  0.54755 |
| almost reversed |  0.10145 |  0.14078 |  0.21397 |  0.25971 |  0.29927 |  0.41175 |  0.45044 |  0.49230 |  0.54727 |

BUCKET SORT table
| starting array  |    10000 |    15000 |    20000 |    25000 |    30000 |    35000 |    40000 |    45000 |    50000 |
|-----------------+----------+----------+----------+----------+----------+----------+----------+----------+----------|
| random          |  0.00834 |  0.01064 |  0.01213 |  0.01349 |  0.01481 |  0.01599 |  0.01707 |  0.01830 |  0.01921 |
| ordered         |  0.00207 |  0.00264 |  0.00332 |  0.00383 |  0.00442 |  0.00521 |  0.00588 |  0.00649 |  0.00712 |
| reversed        |  0.00199 |  0.00256 |  0.00326 |  0.00385 |  0.00450 |  0.00522 |  0.00596 |  0.00653 |  0.00717 |
| almost ordered  |  0.00202 |  0.00262 |  0.00324 |  0.00382 |  0.00453 |  0.00530 |  0.00607 |  0.00670 |  0.00738 |
| almost reversed |  0.00201 |  0.00263 |  0.00325 |  0.00381 |  0.00442 |  0.00521 |  0.00588 |  0.00651 |  0.00712 |

MIN: -1000
MAX: 1000
CMP: 10

TIM SORT table
| starting array  |    10000 |    15000 |    20000 |    25000 |    30000 |    35000 |    40000 |    45000 |    50000 |
|-----------------+----------+----------+----------+----------+----------+----------+----------+----------+----------|
| random          |  0.03914 |  0.05868 |  0.07846 |  0.10074 |  0.12534 |  0.14454 |  0.16655 |  0.18844 |  0.21182 |
| ordered         |  0.00179 |  0.00266 |  0.00354 |  0.00444 |  0.00531 |  0.00619 |  0.00708 |  0.00796 |  0.00884 |
| reversed        |  0.00177 |  0.00265 |  0.00354 |  0.00443 |  0.00530 |  0.00620 |  0.00706 |  0.00795 |  0.00884 |
| almost ordered  |  0.00178 |  0.00266 |  0.00354 |  0.00442 |  0.00530 |  0.00618 |  0.00706 |  0.00794 |  0.00883 |
| almost reversed |  0.00177 |  0.00265 |  0.00354 |  0.00443 |  0.00530 |  0.00618 |  0.00707 |  0.00795 |  0.00883 |

QUICK SORT table
| starting array  |    10000 |    15000 |    20000 |    25000 |    30000 |    35000 |    40000 |    45000 |    50000 |
|-----------------+----------+----------+----------+----------+----------+----------+----------+----------+----------|
| random          |  0.01932 |  0.02938 |  0.04112 |  0.05047 |  0.06408 |  0.07355 |  0.08513 |  0.09663 |  0.10924 |
| ordered         |  0.01900 |  0.02560 |  0.03982 |  0.04757 |  0.05425 |  0.07707 |  0.08365 |  0.09013 |  0.09947 |
| reversed        |  0.01894 |  0.02557 |  0.03971 |  0.04753 |  0.05365 |  0.07666 |  0.08331 |  0.09020 |  0.09957 |
| almost ordered  |  0.01891 |  0.02538 |  0.03955 |  0.04747 |  0.05366 |  0.07670 |  0.08315 |  0.09016 |  0.09928 |
| almost reversed |  0.01887 |  0.02542 |  0.03962 |  0.04743 |  0.05372 |  0.07677 |  0.08318 |  0.08994 |  0.09921 |

BUCKET SORT table
| starting array  |    10000 |    15000 |    20000 |    25000 |    30000 |    35000 |    40000 |    45000 |    50000 |
|-----------------+----------+----------+----------+----------+----------+----------+----------+----------+----------|
| random          |  0.00837 |  0.01056 |  0.01212 |  0.01349 |  0.01479 |  0.01596 |  0.01706 |  0.01833 |  0.01915 |
| ordered         |  0.00200 |  0.00259 |  0.00326 |  0.00382 |  0.00441 |  0.00522 |  0.00592 |  0.00652 |  0.00713 |
| reversed        |  0.00196 |  0.00256 |  0.00320 |  0.00379 |  0.00442 |  0.00520 |  0.00589 |  0.00651 |  0.00714 |
| almost ordered  |  0.00195 |  0.00256 |  0.00320 |  0.00380 |  0.00443 |  0.00521 |  0.00589 |  0.00651 |  0.00714 |
| almost reversed |  0.00198 |  0.00257 |  0.00323 |  0.00381 |  0.00442 |  0.00519 |  0.00593 |  0.00661 |  0.00729 |

** Wide
MIN: 0
MAX: 100000
CMP: 0

TIM SORT table
| starting array  |    10000 |    15000 |    20000 |    25000 |    30000 |    35000 |    40000 |    45000 |    50000 |
|-----------------+----------+----------+----------+----------+----------+----------+----------+----------+----------|
| random          |  0.03356 |  0.04852 |  0.06396 |  0.08239 |  0.10197 |  0.11647 |  0.13490 |  0.15393 |  0.17392 |
| ordered         |  0.00125 |  0.00188 |  0.00249 |  0.00312 |  0.00375 |  0.00437 |  0.00500 |  0.00562 |  0.00624 |
| reversed        |  0.00189 |  0.00283 |  0.00376 |  0.00470 |  0.00564 |  0.00657 |  0.00751 |  0.00844 |  0.00937 |
| almost ordered  |  0.01798 |  0.02853 |  0.03692 |  0.04769 |  0.05874 |  0.06613 |  0.07577 |  0.08638 |  0.09744 |
| almost reversed |  0.02349 |  0.04199 |  0.04829 |  0.06565 |  0.08493 |  0.08338 |  0.09845 |  0.11452 |  0.13338 |

QUICK SORT table
| starting array  |    10000 |    15000 |    20000 |    25000 |    30000 |    35000 |    40000 |    45000 |    50000 |
|-----------------+----------+----------+----------+----------+----------+----------+----------+----------+----------|
| random          |  0.00742 |  0.01131 |  0.01572 |  0.02015 |  0.02363 |  0.02898 |  0.03286 |  0.03733 |  0.04190 |
| ordered         |  0.00561 |  0.00841 |  0.01100 |  0.01328 |  0.01580 |  0.01793 |  0.01985 |  0.02170 |  0.02345 |
| reversed        |  0.00457 |  0.00734 |  0.01039 |  0.01362 |  0.01594 |  0.01821 |  0.02047 |  0.02198 |  0.02377 |
| almost ordered  |  0.00594 |  0.00895 |  0.01178 |  0.01444 |  0.01717 |  0.01945 |  0.02154 |  0.02363 |  0.02566 |
| almost reversed |  0.00630 |  0.00974 |  0.01306 |  0.01632 |  0.02012 |  0.02381 |  0.02703 |  0.03080 |  0.03442 |

INSERTION SORT table
| starting array  |    10000 |    15000 |    20000 |    25000 |    30000 |    35000 |    40000 |    45000 |    50000 |
|-----------------+----------+----------+----------+----------+----------+----------+----------+----------+----------|
| random          |  1.04124 |  2.31656 |  4.09065 |  6.38645 |  9.06304 | 12.52043 | 16.31882 | 20.65902 | 25.56548 |
| ordered         |  0.00033 |  0.00050 |  0.00066 |  0.00083 |  0.00099 |  0.00116 |  0.00132 |  0.00148 |  0.00166 |
| reversed        |  2.03831 |  4.58682 |  8.15178 | 12.73947 | 18.34660 | 24.97396 | 32.61996 | 41.28626 | 50.97122 |
| almost ordered  |  0.22934 |  0.52327 |  0.92137 |  1.44238 |  2.11878 |  2.87011 |  3.83983 |  4.73930 |  5.81267 |
| almost reversed |  1.80112 |  4.06095 |  7.20021 | 11.28462 | 16.25224 | 22.08691 | 28.88143 | 36.55998 | 45.06738 |

COCKTAIL SORT table
| starting array  |    10000 |    15000 |    20000 |    25000 |    30000 |    35000 |    40000 |    45000 |    50000 |
|-----------------+----------+----------+----------+----------+----------+----------+----------+----------+----------|
| random          |  1.55959 |  3.48079 |  6.22149 |  9.70375 | 14.05609 | 18.92092 | 24.74990 | 31.30158 | 39.02267 |
| ordered         |  0.00057 |  0.00086 |  0.00115 |  0.00144 |  0.00173 |  0.00201 |  0.00230 |  0.00259 |  0.00294 |
| reversed        |  2.19093 |  4.93041 |  8.76431 | 13.69835 | 19.72997 | 26.85934 | 35.08604 | 44.41094 | 54.83218 |
| almost ordered  |  0.35398 |  0.78557 |  1.35196 |  2.13667 |  3.02891 |  4.17746 |  5.54090 |  6.90867 |  8.55360 |
| almost reversed |  2.11284 |  4.75648 |  8.44151 | 13.19649 | 19.00787 | 25.87823 | 33.81407 | 42.76045 | 52.82513 |

BUCKET SORT table
| starting array  |    10000 |    15000 |    20000 |    25000 |    30000 |    35000 |    40000 |    45000 |    50000 |
|-----------------+----------+----------+----------+----------+----------+----------+----------+----------+----------|
| random          |  0.04838 |  0.05568 |  0.06323 |  0.07040 |  0.07718 |  0.08293 |  0.08959 |  0.09645 |  0.10325 |
| ordered         |  0.04857 |  0.05429 |  0.05927 |  0.06463 |  0.07007 |  0.07537 |  0.08049 |  0.08583 |  0.09095 |
| reversed        |  0.04875 |  0.05439 |  0.05966 |  0.06521 |  0.07064 |  0.07600 |  0.08173 |  0.08683 |  0.09248 |
| almost ordered  |  0.04928 |  0.05579 |  0.06055 |  0.06659 |  0.07246 |  0.07866 |  0.08367 |  0.08960 |  0.09634 |
| almost reversed |  0.04926 |  0.05508 |  0.06080 |  0.06660 |  0.07260 |  0.07871 |  0.08389 |  0.08979 |  0.09613 |

MIN: 0
MAX: 100000
CMP: 1000

TIM SORT table
| starting array  |    10000 |    15000 |    20000 |    25000 |    30000 |    35000 |    40000 |    45000 |    50000 |
|-----------------+----------+----------+----------+----------+----------+----------+----------+----------+----------|
| random          |  0.66409 |  1.03252 |  1.42871 |  1.81672 |  2.21722 |  2.65375 |  3.06012 |  3.47423 |  3.89817 |
| ordered         |  0.05247 |  0.07914 |  0.10486 |  0.13203 |  0.15740 |  0.18422 |  0.21029 |  0.23567 |  0.26188 |
| reversed        |  0.05319 |  0.08027 |  0.10667 |  0.13290 |  0.15924 |  0.18576 |  0.21235 |  0.23885 |  0.26539 |
| almost ordered  |  0.37532 |  0.58908 |  0.77585 |  0.99275 |  1.22659 |  1.37429 |  1.58820 |  1.81119 |  2.06875 |
| almost reversed |  0.38855 |  0.61909 |  0.80664 |  1.04254 |  1.28891 |  1.43851 |  1.67524 |  1.90610 |  2.15721 |

QUICK SORT table
| starting array  |    10000 |    15000 |    20000 |    25000 |    30000 |    35000 |    40000 |    45000 |    50000 |
|-----------------+----------+----------+----------+----------+----------+----------+----------+----------+----------|
| random          |  1.01964 |  1.54582 |  2.17138 |  2.68837 |  3.36439 |  4.08482 |  4.95567 |  5.08385 |  5.86557 |
| ordered         |  0.80949 |  1.23521 |  1.65685 |  2.05268 |  2.47858 |  2.88064 |  3.26975 |  3.64520 |  4.01320 |
| reversed        |  0.71753 |  1.14018 |  1.59979 |  2.07611 |  2.47965 |  2.88105 |  3.26949 |  3.64450 |  4.01398 |
| almost ordered  |  0.85221 |  1.24874 |  1.71987 |  2.14643 |  2.62417 |  2.95078 |  3.39799 |  3.77030 |  4.17129 |
| almost reversed |  0.90661 |  1.37460 |  1.86798 |  2.35291 |  3.00599 |  3.44539 |  4.08630 |  4.46370 |  5.10218 |

BUCKET SORT table
| starting array  |    10000 |    15000 |    20000 |    25000 |    30000 |    35000 |    40000 |    45000 |    50000 |
|-----------------+----------+----------+----------+----------+----------+----------+----------+----------+----------|
| random          |  0.04667 |  0.05541 |  0.06304 |  0.06957 |  0.07635 |  0.08325 |  0.08961 |  0.09647 |  0.10340 |
| ordered         |  0.04865 |  0.05420 |  0.05931 |  0.06468 |  0.07001 |  0.07539 |  0.08053 |  0.08597 |  0.09148 |
| reversed        |  0.04886 |  0.05441 |  0.05971 |  0.06513 |  0.07061 |  0.07602 |  0.08132 |  0.08690 |  0.09278 |
| almost ordered  |  0.04927 |  0.05512 |  0.06069 |  0.06644 |  0.07241 |  0.07797 |  0.08384 |  0.08988 |  0.09549 |
| almost reversed |  0.04922 |  0.05522 |  0.06084 |  0.06655 |  0.07238 |  0.07815 |  0.08391 |  0.08984 |  0.09598 |

MIN: 0
MAX: 100000
CMP: 100

TIM SORT table
| starting array  |    10000 |    15000 |    20000 |    25000 |    30000 |    35000 |    40000 |    45000 |    50000 |
|-----------------+----------+----------+----------+----------+----------+----------+----------+----------+----------|
| random          |  0.09561 |  0.14985 |  0.20403 |  0.26088 |  0.32145 |  0.37859 |  0.43874 |  0.49584 |  0.55851 |
| ordered         |  0.00675 |  0.01013 |  0.01349 |  0.01689 |  0.02027 |  0.02406 |  0.02699 |  0.03034 |  0.03373 |
| reversed        |  0.00748 |  0.01121 |  0.01492 |  0.01864 |  0.02236 |  0.02612 |  0.02992 |  0.03359 |  0.03759 |
| almost ordered  |  0.05455 |  0.08751 |  0.11396 |  0.14601 |  0.18036 |  0.20320 |  0.23305 |  0.26792 |  0.30459 |
| almost reversed |  0.06222 |  0.10325 |  0.12743 |  0.16766 |  0.21275 |  0.22349 |  0.26514 |  0.30363 |  0.34540 |

QUICK SORT table
| starting array  |    10000 |    15000 |    20000 |    25000 |    30000 |    35000 |    40000 |    45000 |    50000 |
|-----------------+----------+----------+----------+----------+----------+----------+----------+----------+----------|
| random          |  0.10604 |  0.17684 |  0.24557 |  0.30633 |  0.39232 |  0.44151 |  0.50253 |  0.58627 |  0.64944 |
| ordered         |  0.08918 |  0.13557 |  0.18218 |  0.22380 |  0.27083 |  0.31436 |  0.35627 |  0.39801 |  0.43897 |
| reversed        |  0.07849 |  0.12502 |  0.17548 |  0.22782 |  0.27169 |  0.31528 |  0.35630 |  0.39835 |  0.43664 |
| almost ordered  |  0.09070 |  0.13873 |  0.18629 |  0.23313 |  0.28018 |  0.32551 |  0.37036 |  0.41681 |  0.46187 |
| almost reversed |  0.09751 |  0.14999 |  0.21032 |  0.25990 |  0.32276 |  0.37564 |  0.44127 |  0.51016 |  0.57020 |

BUCKET SORT table
| starting array  |    10000 |    15000 |    20000 |    25000 |    30000 |    35000 |    40000 |    45000 |    50000 |
|-----------------+----------+----------+----------+----------+----------+----------+----------+----------+----------|
| random          |  0.04681 |  0.05604 |  0.06308 |  0.06965 |  0.07687 |  0.08324 |  0.08953 |  0.09697 |  0.10468 |
| ordered         |  0.04884 |  0.05521 |  0.05996 |  0.06484 |  0.07105 |  0.07554 |  0.08067 |  0.08593 |  0.09166 |
| reversed        |  0.04882 |  0.05466 |  0.06085 |  0.06515 |  0.07158 |  0.07611 |  0.08149 |  0.08681 |  0.09286 |
| almost ordered  |  0.04925 |  0.05638 |  0.06077 |  0.06786 |  0.07228 |  0.07904 |  0.08392 |  0.08955 |  0.09545 |
| almost reversed |  0.04923 |  0.05643 |  0.06084 |  0.06660 |  0.07263 |  0.08008 |  0.08403 |  0.09107 |  0.09580 |

MIN: 0
MAX: 100000
CMP: 10

TIM SORT table
| starting array  |    10000 |    15000 |    20000 |    25000 |    30000 |    35000 |    40000 |    45000 |    50000 |
|-----------------+----------+----------+----------+----------+----------+----------+----------+----------+----------|
| random          |  0.04059 |  0.05851 |  0.07836 |  0.10085 |  0.12455 |  0.14455 |  0.16802 |  0.18987 |  0.21459 |
| ordered         |  0.00177 |  0.00265 |  0.00354 |  0.00442 |  0.00532 |  0.00619 |  0.00708 |  0.00796 |  0.00885 |
| reversed        |  0.00241 |  0.00364 |  0.00477 |  0.00595 |  0.00764 |  0.00847 |  0.00956 |  0.01069 |  0.01189 |
| almost ordered  |  0.02222 |  0.03509 |  0.04587 |  0.05870 |  0.07295 |  0.08159 |  0.09492 |  0.10854 |  0.12186 |
| almost reversed |  0.02777 |  0.04884 |  0.05767 |  0.07732 |  0.09878 |  0.09978 |  0.11659 |  0.13561 |  0.15705 |

QUICK SORT table
| starting array  |    10000 |    15000 |    20000 |    25000 |    30000 |    35000 |    40000 |    45000 |    50000 |
|-----------------+----------+----------+----------+----------+----------+----------+----------+----------+----------|
| random          |  0.01832 |  0.02958 |  0.03968 |  0.04912 |  0.06015 |  0.07548 |  0.08236 |  0.09890 |  0.10975 |
| ordered         |  0.01452 |  0.02203 |  0.02941 |  0.03510 |  0.04249 |  0.04900 |  0.05527 |  0.06032 |  0.06590 |
| reversed        |  0.01244 |  0.01998 |  0.02803 |  0.03617 |  0.04324 |  0.04988 |  0.05539 |  0.06096 |  0.06637 |
| almost ordered  |  0.01488 |  0.02260 |  0.03018 |  0.03744 |  0.04587 |  0.05153 |  0.05859 |  0.06427 |  0.07159 |
| almost reversed |  0.01594 |  0.02476 |  0.03390 |  0.04265 |  0.05261 |  0.06166 |  0.07086 |  0.07979 |  0.09008 |

BUCKET SORT table
| starting array  |    10000 |    15000 |    20000 |    25000 |    30000 |    35000 |    40000 |    45000 |    50000 |
|-----------------+----------+----------+----------+----------+----------+----------+----------+----------+----------|
| random          |  0.04715 |  0.05628 |  0.06319 |  0.06981 |  0.07685 |  0.08379 |  0.08953 |  0.09868 |  0.10527 |
| ordered         |  0.04862 |  0.05485 |  0.05938 |  0.06547 |  0.07051 |  0.07549 |  0.08209 |  0.08633 |  0.09132 |
| reversed        |  0.04878 |  0.05565 |  0.06000 |  0.06530 |  0.07067 |  0.07695 |  0.08238 |  0.08693 |  0.09261 |
| almost ordered  |  0.05005 |  0.05618 |  0.06164 |  0.06695 |  0.07240 |  0.07946 |  0.08468 |  0.08965 |  0.09592 |
| almost reversed |  0.04945 |  0.05674 |  0.06156 |  0.06648 |  0.07246 |  0.07956 |  0.08514 |  0.08994 |  0.09592 |

