MIN: -1000
MAX: 1000
CMP: 10

TIM SORT table
| starting array  |    10000 |    15000 |    20000 |    25000 |    30000 |    35000 |    40000 |    45000 |    50000 |
|-----------------+----------+----------+----------+----------+----------+----------+----------+----------+----------|
| random          |  0.03914 |  0.05868 |  0.07846 |  0.10074 |  0.12534 |  0.14454 |  0.16655 |  0.18844 |  0.21182 |
| ordered         |  0.00179 |  0.00266 |  0.00354 |  0.00444 |  0.00531 |  0.00619 |  0.00708 |  0.00796 |  0.00884 |
| reversed        |  0.00177 |  0.00265 |  0.00354 |  0.00443 |  0.00530 |  0.00620 |  0.00706 |  0.00795 |  0.00884 |
| almost ordered  |  0.00178 |  0.00266 |  0.00354 |  0.00442 |  0.00530 |  0.00618 |  0.00706 |  0.00794 |  0.00883 |
| almost reversed |  0.00177 |  0.00265 |  0.00354 |  0.00443 |  0.00530 |  0.00618 |  0.00707 |  0.00795 |  0.00883 |

QUICK SORT table
| starting array  |    10000 |    15000 |    20000 |    25000 |    30000 |    35000 |    40000 |    45000 |    50000 |
|-----------------+----------+----------+----------+----------+----------+----------+----------+----------+----------|
| random          |  0.01932 |  0.02938 |  0.04112 |  0.05047 |  0.06408 |  0.07355 |  0.08513 |  0.09663 |  0.10924 |
| ordered         |  0.01900 |  0.02560 |  0.03982 |  0.04757 |  0.05425 |  0.07707 |  0.08365 |  0.09013 |  0.09947 |
| reversed        |  0.01894 |  0.02557 |  0.03971 |  0.04753 |  0.05365 |  0.07666 |  0.08331 |  0.09020 |  0.09957 |
| almost ordered  |  0.01891 |  0.02538 |  0.03955 |  0.04747 |  0.05366 |  0.07670 |  0.08315 |  0.09016 |  0.09928 |
| almost reversed |  0.01887 |  0.02542 |  0.03962 |  0.04743 |  0.05372 |  0.07677 |  0.08318 |  0.08994 |  0.09921 |

BUCKET SORT table
| starting array  |    10000 |    15000 |    20000 |    25000 |    30000 |    35000 |    40000 |    45000 |    50000 |
|-----------------+----------+----------+----------+----------+----------+----------+----------+----------+----------|
| random          |  0.00837 |  0.01056 |  0.01212 |  0.01349 |  0.01479 |  0.01596 |  0.01706 |  0.01833 |  0.01915 |
| ordered         |  0.00200 |  0.00259 |  0.00326 |  0.00382 |  0.00441 |  0.00522 |  0.00592 |  0.00652 |  0.00713 |
| reversed        |  0.00196 |  0.00256 |  0.00320 |  0.00379 |  0.00442 |  0.00520 |  0.00589 |  0.00651 |  0.00714 |
| almost ordered  |  0.00195 |  0.00256 |  0.00320 |  0.00380 |  0.00443 |  0.00521 |  0.00589 |  0.00651 |  0.00714 |
| almost reversed |  0.00198 |  0.00257 |  0.00323 |  0.00381 |  0.00442 |  0.00519 |  0.00593 |  0.00661 |  0.00729 |

