MIN: -1000
MAX: 1000
CMP: 1000

TIM SORT table
| starting array  |    10000 |    15000 |    20000 |    25000 |    30000 |    35000 |    40000 |    45000 |    50000 |
|-----------------+----------+----------+----------+----------+----------+----------+----------+----------+----------|
| random          |  0.66488 |  1.03208 |  1.42794 |  1.81726 |  2.22462 |  2.66309 |  3.05405 |  3.45228 |  3.85755 |
| ordered         |  0.05254 |  0.07883 |  0.10502 |  0.13135 |  0.15736 |  0.18361 |  0.21024 |  0.23650 |  0.26226 |
| reversed        |  0.05256 |  0.07896 |  0.10490 |  0.13112 |  0.15734 |  0.18358 |  0.20979 |  0.23610 |  0.26265 |
| almost ordered  |  0.05265 |  0.07877 |  0.10542 |  0.13216 |  0.15737 |  0.18360 |  0.21004 |  0.23720 |  0.26268 |
| almost reversed |  0.05257 |  0.07879 |  0.10493 |  0.13130 |  0.15756 |  0.18374 |  0.20982 |  0.23603 |  0.26271 |

QUICK SORT table
| starting array  |    10000 |    15000 |    20000 |    25000 |    30000 |    35000 |    40000 |    45000 |    50000 |
|-----------------+----------+----------+----------+----------+----------+----------+----------+----------+----------|
| random          |  0.99242 |  1.60464 |  2.13352 |  2.91307 |  3.36247 |  4.19389 |  4.53266 |  5.00435 |  5.97774 |
| ordered         |  0.90640 |  1.26641 |  1.91505 |  2.33330 |  2.68409 |  3.67900 |  4.03023 |  4.41413 |  4.92259 |
| reversed        |  0.90709 |  1.26639 |  1.91365 |  2.33325 |  2.68422 |  3.67895 |  4.03051 |  4.41418 |  4.92255 |
| almost ordered  |  0.90620 |  1.26804 |  1.91273 |  2.33327 |  2.68415 |  3.67892 |  4.03033 |  4.41421 |  4.92257 |
| almost reversed |  0.90575 |  1.26649 |  1.91364 |  2.33411 |  2.68427 |  3.67908 |  4.03033 |  4.41402 |  4.92262 |

BUCKET SORT table
| starting array  |    10000 |    15000 |    20000 |    25000 |    30000 |    35000 |    40000 |    45000 |    50000 |
|-----------------+----------+----------+----------+----------+----------+----------+----------+----------+----------|
| random          |  0.00853 |  0.01056 |  0.01210 |  0.01343 |  0.01482 |  0.01601 |  0.01704 |  0.01828 |  0.01916 |
| ordered         |  0.00202 |  0.00259 |  0.00326 |  0.00382 |  0.00442 |  0.00519 |  0.00588 |  0.00652 |  0.00714 |
| reversed        |  0.00196 |  0.00257 |  0.00320 |  0.00380 |  0.00444 |  0.00519 |  0.00588 |  0.00651 |  0.00715 |
| almost ordered  |  0.00197 |  0.00256 |  0.00320 |  0.00379 |  0.00443 |  0.00521 |  0.00588 |  0.00651 |  0.00715 |
| almost reversed |  0.00195 |  0.00255 |  0.00320 |  0.00379 |  0.00444 |  0.00522 |  0.00589 |  0.00652 |  0.00720 |

