MIN: -1000
MAX: 1000
CMP: 0

TIM SORT table
| starting array  |    10000 |    15000 |    20000 |    25000 |    30000 |    35000 |    40000 |    45000 |    50000 |
|-----------------+----------+----------+----------+----------+----------+----------+----------+----------+----------|
| random          |  0.03015 |  0.04823 |  0.06402 |  0.08229 |  0.10265 |  0.11670 |  0.13455 |  0.15266 |  0.17211 |
| ordered         |  0.00127 |  0.00188 |  0.00251 |  0.00313 |  0.00374 |  0.00438 |  0.00500 |  0.00562 |  0.00624 |
| reversed        |  0.00125 |  0.00188 |  0.00250 |  0.00313 |  0.00374 |  0.00437 |  0.00500 |  0.00561 |  0.00623 |
| almost ordered  |  0.00125 |  0.00188 |  0.00251 |  0.00313 |  0.00374 |  0.00437 |  0.00499 |  0.00563 |  0.00624 |
| almost reversed |  0.00125 |  0.00187 |  0.00250 |  0.00312 |  0.00375 |  0.00438 |  0.00499 |  0.00563 |  0.00624 |

QUICK SORT table
| starting array  |    10000 |    15000 |    20000 |    25000 |    30000 |    35000 |    40000 |    45000 |    50000 |
|-----------------+----------+----------+----------+----------+----------+----------+----------+----------+----------|
| random          |  0.00809 |  0.01245 |  0.01650 |  0.02115 |  0.02606 |  0.03123 |  0.03558 |  0.04027 |  0.04602 |
| ordered         |  0.00808 |  0.01020 |  0.01678 |  0.01924 |  0.02130 |  0.03272 |  0.03477 |  0.03699 |  0.04006 |
| reversed        |  0.00811 |  0.01021 |  0.01679 |  0.01926 |  0.02133 |  0.03276 |  0.03484 |  0.03707 |  0.04017 |
| almost ordered  |  0.00811 |  0.01020 |  0.01680 |  0.01926 |  0.02133 |  0.03276 |  0.03483 |  0.03701 |  0.04003 |
| almost reversed |  0.00810 |  0.01020 |  0.01678 |  0.01926 |  0.02133 |  0.03278 |  0.03489 |  0.03703 |  0.04001 |

INSERTION SORT table
| starting array  |    10000 |    15000 |    20000 |    25000 |    30000 |    35000 |    40000 |    45000 |    50000 |
|-----------------+----------+----------+----------+----------+----------+----------+----------+----------+----------|
| random          |  1.02376 |  2.28147 |  4.02693 |  6.34706 |  9.27348 | 12.40824 | 16.26001 | 20.71140 | 25.51672 |
| ordered         |  0.00033 |  0.00050 |  0.00066 |  0.00083 |  0.00099 |  0.00115 |  0.00133 |  0.00148 |  0.00165 |
| reversed        |  0.00033 |  0.00050 |  0.00066 |  0.00083 |  0.00100 |  0.00115 |  0.00132 |  0.00150 |  0.00166 |
| almost ordered  |  0.00033 |  0.00050 |  0.00068 |  0.00082 |  0.00099 |  0.00117 |  0.00133 |  0.00150 |  0.00166 |
| almost reversed |  0.00033 |  0.00050 |  0.00066 |  0.00083 |  0.00099 |  0.00117 |  0.00133 |  0.00149 |  0.00166 |

COCKTAIL SORT table
| starting array  |    10000 |    15000 |    20000 |    25000 |    30000 |    35000 |    40000 |    45000 |    50000 |
|-----------------+----------+----------+----------+----------+----------+----------+----------+----------+----------|
| random          |  1.55655 |  3.49092 |  6.21946 |  9.66231 | 13.94302 | 18.89963 | 24.98634 | 31.44864 | 38.72134 |
| ordered         |  0.00057 |  0.00087 |  0.00115 |  0.00145 |  0.00172 |  0.00201 |  0.00231 |  0.00261 |  0.00289 |
| reversed        |  0.00059 |  0.00086 |  0.00115 |  0.00144 |  0.00173 |  0.00202 |  0.00231 |  0.00260 |  0.00289 |
| almost ordered  |  0.00058 |  0.00088 |  0.00115 |  0.00144 |  0.00174 |  0.00202 |  0.00231 |  0.00259 |  0.00288 |
| almost reversed |  0.00058 |  0.00088 |  0.00115 |  0.00144 |  0.00174 |  0.00203 |  0.00230 |  0.00258 |  0.00288 |

BUCKET SORT table
| starting array  |    10000 |    15000 |    20000 |    25000 |    30000 |    35000 |    40000 |    45000 |    50000 |
|-----------------+----------+----------+----------+----------+----------+----------+----------+----------+----------|
| random          |  0.00846 |  0.01057 |  0.01211 |  0.01344 |  0.01481 |  0.01595 |  0.01699 |  0.01830 |  0.01916 |
| ordered         |  0.00200 |  0.00260 |  0.00326 |  0.00383 |  0.00441 |  0.00520 |  0.00588 |  0.00650 |  0.00713 |
| reversed        |  0.00195 |  0.00256 |  0.00320 |  0.00381 |  0.00442 |  0.00519 |  0.00588 |  0.00656 |  0.00715 |
| almost ordered  |  0.00195 |  0.00255 |  0.00320 |  0.00380 |  0.00443 |  0.00520 |  0.00588 |  0.00651 |  0.00714 |
| almost reversed |  0.00197 |  0.00256 |  0.00320 |  0.00379 |  0.00441 |  0.00519 |  0.00589 |  0.00654 |  0.00716 |

