MIN: -1000
MAX: 1000
CMP: 100

TIM SORT table
| starting array  |    10000 |    15000 |    20000 |    25000 |    30000 |    35000 |    40000 |    45000 |    50000 |
|-----------------+----------+----------+----------+----------+----------+----------+----------+----------+----------|
| random          |  0.09531 |  0.14977 |  0.20472 |  0.26154 |  0.32262 |  0.38080 |  0.43671 |  0.49504 |  0.55405 |
| ordered         |  0.00675 |  0.01012 |  0.01368 |  0.01718 |  0.02099 |  0.02407 |  0.02732 |  0.03091 |  0.03439 |
| reversed        |  0.00685 |  0.01023 |  0.01364 |  0.01705 |  0.02047 |  0.02387 |  0.02745 |  0.03098 |  0.03410 |
| almost ordered  |  0.00683 |  0.01026 |  0.01370 |  0.01708 |  0.02064 |  0.02385 |  0.02724 |  0.03067 |  0.03408 |
| almost reversed |  0.00683 |  0.01032 |  0.01364 |  0.01707 |  0.02048 |  0.02387 |  0.02729 |  0.03071 |  0.03413 |

QUICK SORT table
| starting array  |    10000 |    15000 |    20000 |    25000 |    30000 |    35000 |    40000 |    45000 |    50000 |
|-----------------+----------+----------+----------+----------+----------+----------+----------+----------+----------|
| random          |  0.11189 |  0.18206 |  0.23782 |  0.29987 |  0.38274 |  0.43524 |  0.49552 |  0.55637 |  0.65156 |
| ordered         |  0.10145 |  0.14079 |  0.21397 |  0.26008 |  0.29835 |  0.41143 |  0.45026 |  0.49215 |  0.54723 |
| reversed        |  0.10145 |  0.14078 |  0.21398 |  0.25974 |  0.29840 |  0.41246 |  0.45017 |  0.49207 |  0.54763 |
| almost ordered  |  0.10149 |  0.14079 |  0.21396 |  0.26047 |  0.29844 |  0.41147 |  0.44990 |  0.49264 |  0.54755 |
| almost reversed |  0.10145 |  0.14078 |  0.21397 |  0.25971 |  0.29927 |  0.41175 |  0.45044 |  0.49230 |  0.54727 |

BUCKET SORT table
| starting array  |    10000 |    15000 |    20000 |    25000 |    30000 |    35000 |    40000 |    45000 |    50000 |
|-----------------+----------+----------+----------+----------+----------+----------+----------+----------+----------|
| random          |  0.00834 |  0.01064 |  0.01213 |  0.01349 |  0.01481 |  0.01599 |  0.01707 |  0.01830 |  0.01921 |
| ordered         |  0.00207 |  0.00264 |  0.00332 |  0.00383 |  0.00442 |  0.00521 |  0.00588 |  0.00649 |  0.00712 |
| reversed        |  0.00199 |  0.00256 |  0.00326 |  0.00385 |  0.00450 |  0.00522 |  0.00596 |  0.00653 |  0.00717 |
| almost ordered  |  0.00202 |  0.00262 |  0.00324 |  0.00382 |  0.00453 |  0.00530 |  0.00607 |  0.00670 |  0.00738 |
| almost reversed |  0.00201 |  0.00263 |  0.00325 |  0.00381 |  0.00442 |  0.00521 |  0.00588 |  0.00651 |  0.00712 |

