MIN: 0
MAX: 1
CMP: 0

TIM SORT table
| starting array  |    10000 |    15000 |    20000 |    25000 |    30000 |    35000 |    40000 |    45000 |    50000 |
|-----------------+----------+----------+----------+----------+----------+----------+----------+----------+----------|
| random          |  0.01870 |  0.02029 |  0.02587 |  0.03313 |  0.04113 |  0.04509 |  0.05217 |  0.05950 |  0.06698 |
| ordered         |  0.00127 |  0.00188 |  0.00250 |  0.00313 |  0.00375 |  0.00437 |  0.00500 |  0.00563 |  0.00625 |
| reversed        |  0.00128 |  0.00192 |  0.00253 |  0.00318 |  0.00380 |  0.00441 |  0.00504 |  0.00568 |  0.00629 |
| almost ordered  |  0.00127 |  0.00189 |  0.00250 |  0.00313 |  0.00375 |  0.00438 |  0.00500 |  0.00562 |  0.00624 |
| almost reversed |  0.00130 |  0.00192 |  0.00254 |  0.00317 |  0.00380 |  0.00441 |  0.00505 |  0.00568 |  0.00630 |

QUICK SORT table
| starting array  |    10000 |    15000 |    20000 |    25000 |    30000 |    35000 |    40000 |    45000 |    50000 |
|-----------------+----------+----------+----------+----------+----------+----------+----------+----------+----------|
| random          |  0.00786 |  0.01107 |  0.01608 |  0.02110 |  0.02300 |  0.02924 |  0.03376 |  0.03588 |  0.04307 |
| ordered         |  0.00809 |  0.01023 |  0.01680 |  0.01928 |  0.02133 |  0.03277 |  0.03481 |  0.03703 |  0.03999 |
| reversed        |  0.00809 |  0.01020 |  0.01678 |  0.01924 |  0.02129 |  0.03272 |  0.03480 |  0.03700 |  0.04000 |
| almost ordered  |  0.00809 |  0.01022 |  0.01677 |  0.01927 |  0.02131 |  0.03276 |  0.03480 |  0.03704 |  0.04005 |
| almost reversed |  0.00810 |  0.01020 |  0.01679 |  0.01926 |  0.02131 |  0.03276 |  0.03482 |  0.03704 |  0.04008 |

INSERTION SORT table
| starting array  |    10000 |    15000 |    20000 |    25000 |    30000 |    35000 |    40000 |    45000 |    50000 |
|-----------------+----------+----------+----------+----------+----------+----------+----------+----------+----------|
| random          |  0.50777 |  1.16975 |  2.02688 |  3.20825 |  4.59955 |  6.19418 |  8.09579 | 10.31681 | 12.77453 |
| ordered         |  0.00033 |  0.00051 |  0.00066 |  0.00083 |  0.00100 |  0.00116 |  0.00132 |  0.00150 |  0.00166 |
| reversed        |  0.00074 |  0.00111 |  0.00148 |  0.00186 |  0.00221 |  0.00258 |  0.00296 |  0.00333 |  0.00369 |
| almost ordered  |  0.00033 |  0.00050 |  0.00066 |  0.00083 |  0.00100 |  0.00115 |  0.00132 |  0.00148 |  0.00165 |
| almost reversed |  0.00074 |  0.00075 |  0.00148 |  0.00185 |  0.00222 |  0.00259 |  0.00295 |  0.00333 |  0.00371 |

COCKTAIL SORT table
| starting array  |    10000 |    15000 |    20000 |    25000 |    30000 |    35000 |    40000 |    45000 |    50000 |
|-----------------+----------+----------+----------+----------+----------+----------+----------+----------+----------|
| random          |  1.38730 |  3.17093 |  5.62195 |  8.85107 | 12.63024 | 17.27785 | 22.65343 | 28.62456 | 35.26092 |
| ordered         |  0.00058 |  0.00086 |  0.00114 |  0.00145 |  0.00173 |  0.00201 |  0.00229 |  0.00258 |  0.00288 |
| reversed        |  0.00073 |  0.00109 |  0.00147 |  0.00183 |  0.00218 |  0.00254 |  0.00292 |  0.00328 |  0.00364 |
| almost ordered  |  0.00057 |  0.00086 |  0.00116 |  0.00144 |  0.00172 |  0.00201 |  0.00231 |  0.00259 |  0.00288 |
| almost reversed |  0.00074 |  0.00109 |  0.00146 |  0.00183 |  0.00219 |  0.00256 |  0.00291 |  0.00327 |  0.00365 |

BUCKET SORT table
| starting array  |    10000 |    15000 |    20000 |    25000 |    30000 |    35000 |    40000 |    45000 |    50000 |
|-----------------+----------+----------+----------+----------+----------+----------+----------+----------+----------|
| random          |  0.00123 |  0.00181 |  0.00243 |  0.00301 |  0.00360 |  0.00433 |  0.00509 |  0.00559 |  0.00620 |
| ordered         |  0.00123 |  0.00180 |  0.00243 |  0.00301 |  0.00361 |  0.00436 |  0.00504 |  0.00565 |  0.00624 |
| reversed        |  0.00121 |  0.00181 |  0.00243 |  0.00301 |  0.00362 |  0.00438 |  0.00505 |  0.00565 |  0.00625 |
| almost ordered  |  0.00121 |  0.00181 |  0.00243 |  0.00301 |  0.00361 |  0.00436 |  0.00503 |  0.00564 |  0.00624 |
| almost reversed |  0.00123 |  0.00180 |  0.00242 |  0.00301 |  0.00361 |  0.00440 |  0.00509 |  0.00565 |  0.00626 |

