MIN: 0
MAX: 1
CMP: 1000

TIM SORT table
| starting array  |    10000 |    15000 |    20000 |    25000 |    30000 |    35000 |    40000 |    45000 |    50000 |
|-----------------+----------+----------+----------+----------+----------+----------+----------+----------+----------|
| random          |  0.25575 |  0.37893 |  0.51067 |  0.63498 |  0.75984 |  0.89290 |  1.01649 |  1.14840 |  1.27064 |
| ordered         |  0.05246 |  0.07866 |  0.10483 |  0.13110 |  0.15707 |  0.18326 |  0.20941 |  0.23559 |  0.26183 |
| reversed        |  0.05274 |  0.07912 |  0.10507 |  0.13129 |  0.15757 |  0.18354 |  0.20996 |  0.23620 |  0.26220 |
| almost ordered  |  0.05250 |  0.07866 |  0.10487 |  0.13105 |  0.15724 |  0.18324 |  0.20945 |  0.23572 |  0.26202 |
| almost reversed |  0.05275 |  0.07916 |  0.10511 |  0.13151 |  0.15756 |  0.18388 |  0.20965 |  0.23598 |  0.26232 |

QUICK SORT table
| starting array  |    10000 |    15000 |    20000 |    25000 |    30000 |    35000 |    40000 |    45000 |    50000 |
|-----------------+----------+----------+----------+----------+----------+----------+----------+----------+----------|
| random          |  0.89826 |  1.33411 |  1.89788 |  2.45628 |  3.05356 |  3.56642 |  4.00038 |  4.36689 |  5.15286 |
| ordered         |  0.90601 |  1.26648 |  1.91369 |  2.33376 |  2.68494 |  3.67996 |  4.03085 |  4.41546 |  4.92376 |
| reversed        |  0.90673 |  1.26571 |  1.91345 |  2.33407 |  2.68496 |  3.67976 |  4.03113 |  4.41544 |  4.92405 |
| almost ordered  |  0.90641 |  1.26803 |  1.91314 |  2.33368 |  2.68506 |  3.67991 |  4.03125 |  4.41531 |  4.92408 |
| almost reversed |  0.90637 |  1.26613 |  1.91338 |  2.33392 |  2.68493 |  3.67974 |  4.03100 |  4.41512 |  4.92388 |

BUCKET SORT table
| starting array  |    10000 |    15000 |    20000 |    25000 |    30000 |    35000 |    40000 |    45000 |    50000 |
|-----------------+----------+----------+----------+----------+----------+----------+----------+----------+----------|
| random          |  0.00124 |  0.00181 |  0.00242 |  0.00301 |  0.00363 |  0.00429 |  0.00503 |  0.00560 |  0.00619 |
| ordered         |  0.00124 |  0.00182 |  0.00249 |  0.00303 |  0.00362 |  0.00437 |  0.00505 |  0.00566 |  0.00627 |
| reversed        |  0.00121 |  0.00181 |  0.00243 |  0.00300 |  0.00361 |  0.00436 |  0.00504 |  0.00566 |  0.00625 |
| almost ordered  |  0.00121 |  0.00180 |  0.00243 |  0.00300 |  0.00361 |  0.00436 |  0.00503 |  0.00564 |  0.00624 |
| almost reversed |  0.00123 |  0.00180 |  0.00242 |  0.00301 |  0.00361 |  0.00436 |  0.00503 |  0.00565 |  0.00625 |

