MIN: 0
MAX: 1
CMP: 10

TIM SORT table
| starting array  |    10000 |    15000 |    20000 |    25000 |    30000 |    35000 |    40000 |    45000 |    50000 |
|-----------------+----------+----------+----------+----------+----------+----------+----------+----------+----------|
| random          |  0.01545 |  0.02422 |  0.03125 |  0.03970 |  0.04898 |  0.05473 |  0.06303 |  0.07150 |  0.08030 |
| ordered         |  0.00177 |  0.00266 |  0.00354 |  0.00442 |  0.00530 |  0.00619 |  0.00708 |  0.00796 |  0.00884 |
| reversed        |  0.00182 |  0.00271 |  0.00358 |  0.00447 |  0.00536 |  0.00623 |  0.00711 |  0.00801 |  0.00888 |
| almost ordered  |  0.00177 |  0.00266 |  0.00354 |  0.00443 |  0.00530 |  0.00619 |  0.00706 |  0.00795 |  0.00882 |
| almost reversed |  0.00178 |  0.00267 |  0.00356 |  0.00444 |  0.00531 |  0.00619 |  0.00708 |  0.00796 |  0.00885 |

QUICK SORT table
| starting array  |    10000 |    15000 |    20000 |    25000 |    30000 |    35000 |    40000 |    45000 |    50000 |
|-----------------+----------+----------+----------+----------+----------+----------+----------+----------+----------|
| random          |  0.01772 |  0.02895 |  0.03850 |  0.04977 |  0.06097 |  0.07012 |  0.07802 |  0.08906 |  0.10529 |
| ordered         |  0.01902 |  0.02559 |  0.03991 |  0.04768 |  0.05402 |  0.07704 |  0.08353 |  0.09075 |  0.10012 |
| reversed        |  0.01896 |  0.02556 |  0.03975 |  0.04788 |  0.05424 |  0.07741 |  0.08341 |  0.09061 |  0.09970 |
| almost ordered  |  0.01903 |  0.02560 |  0.03994 |  0.04770 |  0.05393 |  0.07711 |  0.08369 |  0.09077 |  0.10005 |
| almost reversed |  0.01895 |  0.02554 |  0.03975 |  0.04761 |  0.05418 |  0.07707 |  0.08331 |  0.09072 |  0.09998 |

BUCKET SORT table
| starting array  |    10000 |    15000 |    20000 |    25000 |    30000 |    35000 |    40000 |    45000 |    50000 |
|-----------------+----------+----------+----------+----------+----------+----------+----------+----------+----------|
| random          |  0.00123 |  0.00181 |  0.00242 |  0.00303 |  0.00362 |  0.00429 |  0.00505 |  0.00561 |  0.00619 |
| ordered         |  0.00125 |  0.00182 |  0.00248 |  0.00303 |  0.00362 |  0.00436 |  0.00505 |  0.00566 |  0.00625 |
| reversed        |  0.00121 |  0.00180 |  0.00242 |  0.00301 |  0.00361 |  0.00436 |  0.00506 |  0.00567 |  0.00630 |
| almost ordered  |  0.00121 |  0.00180 |  0.00242 |  0.00300 |  0.00361 |  0.00438 |  0.00506 |  0.00566 |  0.00626 |
| almost reversed |  0.00123 |  0.00181 |  0.00242 |  0.00301 |  0.00361 |  0.00436 |  0.00504 |  0.00563 |  0.00624 |

