MIN: 0
MAX: 1
CMP: 100

TIM SORT table
| starting array  |    10000 |    15000 |    20000 |    25000 |    30000 |    35000 |    40000 |    45000 |    50000 |
|-----------------+----------+----------+----------+----------+----------+----------+----------+----------+----------|
| random          |  0.03812 |  0.05780 |  0.07640 |  0.09573 |  0.11591 |  0.13411 |  0.15326 |  0.17285 |  0.19329 |
| ordered         |  0.00685 |  0.01025 |  0.01367 |  0.01705 |  0.02046 |  0.02386 |  0.02727 |  0.03066 |  0.03411 |
| reversed        |  0.00690 |  0.01032 |  0.01371 |  0.01711 |  0.02053 |  0.02392 |  0.02731 |  0.03076 |  0.03416 |
| almost ordered  |  0.00684 |  0.01026 |  0.01364 |  0.01704 |  0.02044 |  0.02385 |  0.02725 |  0.03066 |  0.03406 |
| almost reversed |  0.01631 |  0.01159 |  0.01364 |  0.01711 |  0.02059 |  0.02397 |  0.02740 |  0.03082 |  0.03423 |

QUICK SORT table
| starting array  |    10000 |    15000 |    20000 |    25000 |    30000 |    35000 |    40000 |    45000 |    50000 |
|-----------------+----------+----------+----------+----------+----------+----------+----------+----------+----------|
| random          |  0.09888 |  0.16212 |  0.21226 |  0.26987 |  0.34059 |  0.38174 |  0.43222 |  0.48911 |  0.56995 |
| ordered         |  0.10143 |  0.14086 |  0.21417 |  0.26034 |  0.29871 |  0.41260 |  0.45125 |  0.49348 |  0.54983 |
| reversed        |  0.10166 |  0.14125 |  0.21434 |  0.26043 |  0.29902 |  0.41298 |  0.45136 |  0.49372 |  0.54941 |
| almost ordered  |  0.10174 |  0.14102 |  0.21452 |  0.26085 |  0.29912 |  0.41276 |  0.45083 |  0.49339 |  0.54950 |
| almost reversed |  0.10169 |  0.14103 |  0.21442 |  0.26111 |  0.29918 |  0.41283 |  0.45157 |  0.49328 |  0.54914 |

BUCKET SORT table
| starting array  |    10000 |    15000 |    20000 |    25000 |    30000 |    35000 |    40000 |    45000 |    50000 |
|-----------------+----------+----------+----------+----------+----------+----------+----------+----------+----------|
| random          |  0.00123 |  0.00182 |  0.00242 |  0.00301 |  0.00359 |  0.00432 |  0.00518 |  0.00559 |  0.00619 |
| ordered         |  0.00121 |  0.00181 |  0.00243 |  0.00300 |  0.00361 |  0.00438 |  0.00511 |  0.00564 |  0.00624 |
| reversed        |  0.00121 |  0.00181 |  0.00242 |  0.00301 |  0.00361 |  0.00437 |  0.00511 |  0.00563 |  0.00624 |
| almost ordered  |  0.00121 |  0.00181 |  0.00243 |  0.00300 |  0.00361 |  0.00439 |  0.00513 |  0.00564 |  0.00625 |
| almost reversed |  0.00121 |  0.00180 |  0.00243 |  0.00301 |  0.00361 |  0.00438 |  0.00513 |  0.00565 |  0.00623 |

