MIN: 0
MAX: 100000
CMP: 10

TIM SORT table
| starting array  |    10000 |    15000 |    20000 |    25000 |    30000 |    35000 |    40000 |    45000 |    50000 |
|-----------------+----------+----------+----------+----------+----------+----------+----------+----------+----------|
| random          |  0.04059 |  0.05851 |  0.07836 |  0.10085 |  0.12455 |  0.14455 |  0.16802 |  0.18987 |  0.21459 |
| ordered         |  0.00177 |  0.00265 |  0.00354 |  0.00442 |  0.00532 |  0.00619 |  0.00708 |  0.00796 |  0.00885 |
| reversed        |  0.00241 |  0.00364 |  0.00477 |  0.00595 |  0.00764 |  0.00847 |  0.00956 |  0.01069 |  0.01189 |
| almost ordered  |  0.02222 |  0.03509 |  0.04587 |  0.05870 |  0.07295 |  0.08159 |  0.09492 |  0.10854 |  0.12186 |
| almost reversed |  0.02777 |  0.04884 |  0.05767 |  0.07732 |  0.09878 |  0.09978 |  0.11659 |  0.13561 |  0.15705 |

QUICK SORT table
| starting array  |    10000 |    15000 |    20000 |    25000 |    30000 |    35000 |    40000 |    45000 |    50000 |
|-----------------+----------+----------+----------+----------+----------+----------+----------+----------+----------|
| random          |  0.01832 |  0.02958 |  0.03968 |  0.04912 |  0.06015 |  0.07548 |  0.08236 |  0.09890 |  0.10975 |
| ordered         |  0.01452 |  0.02203 |  0.02941 |  0.03510 |  0.04249 |  0.04900 |  0.05527 |  0.06032 |  0.06590 |
| reversed        |  0.01244 |  0.01998 |  0.02803 |  0.03617 |  0.04324 |  0.04988 |  0.05539 |  0.06096 |  0.06637 |
| almost ordered  |  0.01488 |  0.02260 |  0.03018 |  0.03744 |  0.04587 |  0.05153 |  0.05859 |  0.06427 |  0.07159 |
| almost reversed |  0.01594 |  0.02476 |  0.03390 |  0.04265 |  0.05261 |  0.06166 |  0.07086 |  0.07979 |  0.09008 |

BUCKET SORT table
| starting array  |    10000 |    15000 |    20000 |    25000 |    30000 |    35000 |    40000 |    45000 |    50000 |
|-----------------+----------+----------+----------+----------+----------+----------+----------+----------+----------|
| random          |  0.04715 |  0.05628 |  0.06319 |  0.06981 |  0.07685 |  0.08379 |  0.08953 |  0.09868 |  0.10527 |
| ordered         |  0.04862 |  0.05485 |  0.05938 |  0.06547 |  0.07051 |  0.07549 |  0.08209 |  0.08633 |  0.09132 |
| reversed        |  0.04878 |  0.05565 |  0.06000 |  0.06530 |  0.07067 |  0.07695 |  0.08238 |  0.08693 |  0.09261 |
| almost ordered  |  0.05005 |  0.05618 |  0.06164 |  0.06695 |  0.07240 |  0.07946 |  0.08468 |  0.08965 |  0.09592 |
| almost reversed |  0.04945 |  0.05674 |  0.06156 |  0.06648 |  0.07246 |  0.07956 |  0.08514 |  0.08994 |  0.09592 |

