MIN: 0
MAX: 100000
CMP: 100

TIM SORT table
| starting array  |    10000 |    15000 |    20000 |    25000 |    30000 |    35000 |    40000 |    45000 |    50000 |
|-----------------+----------+----------+----------+----------+----------+----------+----------+----------+----------|
| random          |  0.09561 |  0.14985 |  0.20403 |  0.26088 |  0.32145 |  0.37859 |  0.43874 |  0.49584 |  0.55851 |
| ordered         |  0.00675 |  0.01013 |  0.01349 |  0.01689 |  0.02027 |  0.02406 |  0.02699 |  0.03034 |  0.03373 |
| reversed        |  0.00748 |  0.01121 |  0.01492 |  0.01864 |  0.02236 |  0.02612 |  0.02992 |  0.03359 |  0.03759 |
| almost ordered  |  0.05455 |  0.08751 |  0.11396 |  0.14601 |  0.18036 |  0.20320 |  0.23305 |  0.26792 |  0.30459 |
| almost reversed |  0.06222 |  0.10325 |  0.12743 |  0.16766 |  0.21275 |  0.22349 |  0.26514 |  0.30363 |  0.34540 |

QUICK SORT table
| starting array  |    10000 |    15000 |    20000 |    25000 |    30000 |    35000 |    40000 |    45000 |    50000 |
|-----------------+----------+----------+----------+----------+----------+----------+----------+----------+----------|
| random          |  0.10604 |  0.17684 |  0.24557 |  0.30633 |  0.39232 |  0.44151 |  0.50253 |  0.58627 |  0.64944 |
| ordered         |  0.08918 |  0.13557 |  0.18218 |  0.22380 |  0.27083 |  0.31436 |  0.35627 |  0.39801 |  0.43897 |
| reversed        |  0.07849 |  0.12502 |  0.17548 |  0.22782 |  0.27169 |  0.31528 |  0.35630 |  0.39835 |  0.43664 |
| almost ordered  |  0.09070 |  0.13873 |  0.18629 |  0.23313 |  0.28018 |  0.32551 |  0.37036 |  0.41681 |  0.46187 |
| almost reversed |  0.09751 |  0.14999 |  0.21032 |  0.25990 |  0.32276 |  0.37564 |  0.44127 |  0.51016 |  0.57020 |

BUCKET SORT table
| starting array  |    10000 |    15000 |    20000 |    25000 |    30000 |    35000 |    40000 |    45000 |    50000 |
|-----------------+----------+----------+----------+----------+----------+----------+----------+----------+----------|
| random          |  0.04681 |  0.05604 |  0.06308 |  0.06965 |  0.07687 |  0.08324 |  0.08953 |  0.09697 |  0.10468 |
| ordered         |  0.04884 |  0.05521 |  0.05996 |  0.06484 |  0.07105 |  0.07554 |  0.08067 |  0.08593 |  0.09166 |
| reversed        |  0.04882 |  0.05466 |  0.06085 |  0.06515 |  0.07158 |  0.07611 |  0.08149 |  0.08681 |  0.09286 |
| almost ordered  |  0.04925 |  0.05638 |  0.06077 |  0.06786 |  0.07228 |  0.07904 |  0.08392 |  0.08955 |  0.09545 |
| almost reversed |  0.04923 |  0.05643 |  0.06084 |  0.06660 |  0.07263 |  0.08008 |  0.08403 |  0.09107 |  0.09580 |

