MIN: 0
MAX: 100000
CMP: 0

TIM SORT table
| starting array  |    10000 |    15000 |    20000 |    25000 |    30000 |    35000 |    40000 |    45000 |    50000 |
|-----------------+----------+----------+----------+----------+----------+----------+----------+----------+----------|
| random          |  0.03356 |  0.04852 |  0.06396 |  0.08239 |  0.10197 |  0.11647 |  0.13490 |  0.15393 |  0.17392 |
| ordered         |  0.00125 |  0.00188 |  0.00249 |  0.00312 |  0.00375 |  0.00437 |  0.00500 |  0.00562 |  0.00624 |
| reversed        |  0.00189 |  0.00283 |  0.00376 |  0.00470 |  0.00564 |  0.00657 |  0.00751 |  0.00844 |  0.00937 |
| almost ordered  |  0.01798 |  0.02853 |  0.03692 |  0.04769 |  0.05874 |  0.06613 |  0.07577 |  0.08638 |  0.09744 |
| almost reversed |  0.02349 |  0.04199 |  0.04829 |  0.06565 |  0.08493 |  0.08338 |  0.09845 |  0.11452 |  0.13338 |

QUICK SORT table
| starting array  |    10000 |    15000 |    20000 |    25000 |    30000 |    35000 |    40000 |    45000 |    50000 |
|-----------------+----------+----------+----------+----------+----------+----------+----------+----------+----------|
| random          |  0.00742 |  0.01131 |  0.01572 |  0.02015 |  0.02363 |  0.02898 |  0.03286 |  0.03733 |  0.04190 |
| ordered         |  0.00561 |  0.00841 |  0.01100 |  0.01328 |  0.01580 |  0.01793 |  0.01985 |  0.02170 |  0.02345 |
| reversed        |  0.00457 |  0.00734 |  0.01039 |  0.01362 |  0.01594 |  0.01821 |  0.02047 |  0.02198 |  0.02377 |
| almost ordered  |  0.00594 |  0.00895 |  0.01178 |  0.01444 |  0.01717 |  0.01945 |  0.02154 |  0.02363 |  0.02566 |
| almost reversed |  0.00630 |  0.00974 |  0.01306 |  0.01632 |  0.02012 |  0.02381 |  0.02703 |  0.03080 |  0.03442 |

INSERTION SORT table
| starting array  |    10000 |    15000 |    20000 |    25000 |    30000 |    35000 |    40000 |    45000 |    50000 |
|-----------------+----------+----------+----------+----------+----------+----------+----------+----------+----------|
| random          |  1.04124 |  2.31656 |  4.09065 |  6.38645 |  9.06304 | 12.52043 | 16.31882 | 20.65902 | 25.56548 |
| ordered         |  0.00033 |  0.00050 |  0.00066 |  0.00083 |  0.00099 |  0.00116 |  0.00132 |  0.00148 |  0.00166 |
| reversed        |  2.03831 |  4.58682 |  8.15178 | 12.73947 | 18.34660 | 24.97396 | 32.61996 | 41.28626 | 50.97122 |
| almost ordered  |  0.22934 |  0.52327 |  0.92137 |  1.44238 |  2.11878 |  2.87011 |  3.83983 |  4.73930 |  5.81267 |
| almost reversed |  1.80112 |  4.06095 |  7.20021 | 11.28462 | 16.25224 | 22.08691 | 28.88143 | 36.55998 | 45.06738 |

COCKTAIL SORT table
| starting array  |    10000 |    15000 |    20000 |    25000 |    30000 |    35000 |    40000 |    45000 |    50000 |
|-----------------+----------+----------+----------+----------+----------+----------+----------+----------+----------|
| random          |  1.55959 |  3.48079 |  6.22149 |  9.70375 | 14.05609 | 18.92092 | 24.74990 | 31.30158 | 39.02267 |
| ordered         |  0.00057 |  0.00086 |  0.00115 |  0.00144 |  0.00173 |  0.00201 |  0.00230 |  0.00259 |  0.00294 |
| reversed        |  2.19093 |  4.93041 |  8.76431 | 13.69835 | 19.72997 | 26.85934 | 35.08604 | 44.41094 | 54.83218 |
| almost ordered  |  0.35398 |  0.78557 |  1.35196 |  2.13667 |  3.02891 |  4.17746 |  5.54090 |  6.90867 |  8.55360 |
| almost reversed |  2.11284 |  4.75648 |  8.44151 | 13.19649 | 19.00787 | 25.87823 | 33.81407 | 42.76045 | 52.82513 |

BUCKET SORT table
| starting array  |    10000 |    15000 |    20000 |    25000 |    30000 |    35000 |    40000 |    45000 |    50000 |
|-----------------+----------+----------+----------+----------+----------+----------+----------+----------+----------|
| random          |  0.04838 |  0.05568 |  0.06323 |  0.07040 |  0.07718 |  0.08293 |  0.08959 |  0.09645 |  0.10325 |
| ordered         |  0.04857 |  0.05429 |  0.05927 |  0.06463 |  0.07007 |  0.07537 |  0.08049 |  0.08583 |  0.09095 |
| reversed        |  0.04875 |  0.05439 |  0.05966 |  0.06521 |  0.07064 |  0.07600 |  0.08173 |  0.08683 |  0.09248 |
| almost ordered  |  0.04928 |  0.05579 |  0.06055 |  0.06659 |  0.07246 |  0.07866 |  0.08367 |  0.08960 |  0.09634 |
| almost reversed |  0.04926 |  0.05508 |  0.06080 |  0.06660 |  0.07260 |  0.07871 |  0.08389 |  0.08979 |  0.09613 |

