MIN: 0
MAX: 100000
CMP: 1000

TIM SORT table
| starting array  |    10000 |    15000 |    20000 |    25000 |    30000 |    35000 |    40000 |    45000 |    50000 |
|-----------------+----------+----------+----------+----------+----------+----------+----------+----------+----------|
| random          |  0.66409 |  1.03252 |  1.42871 |  1.81672 |  2.21722 |  2.65375 |  3.06012 |  3.47423 |  3.89817 |
| ordered         |  0.05247 |  0.07914 |  0.10486 |  0.13203 |  0.15740 |  0.18422 |  0.21029 |  0.23567 |  0.26188 |
| reversed        |  0.05319 |  0.08027 |  0.10667 |  0.13290 |  0.15924 |  0.18576 |  0.21235 |  0.23885 |  0.26539 |
| almost ordered  |  0.37532 |  0.58908 |  0.77585 |  0.99275 |  1.22659 |  1.37429 |  1.58820 |  1.81119 |  2.06875 |
| almost reversed |  0.38855 |  0.61909 |  0.80664 |  1.04254 |  1.28891 |  1.43851 |  1.67524 |  1.90610 |  2.15721 |

QUICK SORT table
| starting array  |    10000 |    15000 |    20000 |    25000 |    30000 |    35000 |    40000 |    45000 |    50000 |
|-----------------+----------+----------+----------+----------+----------+----------+----------+----------+----------|
| random          |  1.01964 |  1.54582 |  2.17138 |  2.68837 |  3.36439 |  4.08482 |  4.95567 |  5.08385 |  5.86557 |
| ordered         |  0.80949 |  1.23521 |  1.65685 |  2.05268 |  2.47858 |  2.88064 |  3.26975 |  3.64520 |  4.01320 |
| reversed        |  0.71753 |  1.14018 |  1.59979 |  2.07611 |  2.47965 |  2.88105 |  3.26949 |  3.64450 |  4.01398 |
| almost ordered  |  0.85221 |  1.24874 |  1.71987 |  2.14643 |  2.62417 |  2.95078 |  3.39799 |  3.77030 |  4.17129 |
| almost reversed |  0.90661 |  1.37460 |  1.86798 |  2.35291 |  3.00599 |  3.44539 |  4.08630 |  4.46370 |  5.10218 |

BUCKET SORT table
| starting array  |    10000 |    15000 |    20000 |    25000 |    30000 |    35000 |    40000 |    45000 |    50000 |
|-----------------+----------+----------+----------+----------+----------+----------+----------+----------+----------|
| random          |  0.04667 |  0.05541 |  0.06304 |  0.06957 |  0.07635 |  0.08325 |  0.08961 |  0.09647 |  0.10340 |
| ordered         |  0.04865 |  0.05420 |  0.05931 |  0.06468 |  0.07001 |  0.07539 |  0.08053 |  0.08597 |  0.09148 |
| reversed        |  0.04886 |  0.05441 |  0.05971 |  0.06513 |  0.07061 |  0.07602 |  0.08132 |  0.08690 |  0.09278 |
| almost ordered  |  0.04927 |  0.05512 |  0.06069 |  0.06644 |  0.07241 |  0.07797 |  0.08384 |  0.08988 |  0.09549 |
| almost reversed |  0.04922 |  0.05522 |  0.06084 |  0.06655 |  0.07238 |  0.07815 |  0.08391 |  0.08984 |  0.09598 |

