** Same
MIN: 0
MAX: 1
CMP: 0

TIM SORT table
| starting array  |    10000 |    15000 |    20000 |    25000 |    30000 |    35000 |    40000 |    45000 |    50000 |
|-----------------+----------+----------+----------+----------+----------+----------+----------+----------+----------|
| random          |  0.01977 |  0.01939 |  0.02572 |  0.03244 |  0.03935 |  0.04532 |  0.05213 |  0.05897 |  0.06583 |
| ordered         |  0.00094 |  0.00140 |  0.00188 |  0.00233 |  0.00281 |  0.00327 |  0.00374 |  0.00421 |  0.00472 |
| reversed        |  0.00100 |  0.00145 |  0.00191 |  0.00239 |  0.00287 |  0.00332 |  0.00378 |  0.00426 |  0.00472 |
| almost ordered  |  0.00094 |  0.00140 |  0.00189 |  0.00237 |  0.00285 |  0.00329 |  0.00375 |  0.00422 |  0.00467 |
| almost reversed |  0.00098 |  0.00146 |  0.00193 |  0.00240 |  0.00289 |  0.00332 |  0.00378 |  0.00427 |  0.00474 |

QUICK SORT table
| starting array  |    10000 |    15000 |    20000 |    25000 |    30000 |    35000 |    40000 |    45000 |    50000 |
|-----------------+----------+----------+----------+----------+----------+----------+----------+----------+----------|
| random          |  0.00672 |  0.01107 |  0.01369 |  0.01808 |  0.02186 |  0.02549 |  0.02805 |  0.03138 |  0.03720 |
| ordered         |  0.00694 |  0.00903 |  0.01441 |  0.01699 |  0.01890 |  0.02801 |  0.02993 |  0.03205 |  0.03539 |
| reversed        |  0.00693 |  0.00903 |  0.01441 |  0.01704 |  0.01891 |  0.02814 |  0.02992 |  0.03201 |  0.03538 |
| almost ordered  |  0.00693 |  0.00903 |  0.01440 |  0.01698 |  0.01888 |  0.02798 |  0.02992 |  0.03203 |  0.03539 |
| almost reversed |  0.00692 |  0.00903 |  0.01440 |  0.01698 |  0.01888 |  0.02798 |  0.02992 |  0.03202 |  0.03536 |

INSERTION SORT table
| starting array  |    10000 |    15000 |    20000 |    25000 |    30000 |    35000 |    40000 |    45000 |    50000 |
|-----------------+----------+----------+----------+----------+----------+----------+----------+----------+----------|
| random          |  0.57505 |  1.30937 |  2.28550 |  3.60247 |  5.18974 |  6.95186 |  9.14881 | 11.46988 | 14.19727 |
| ordered         |  0.00028 |  0.00040 |  0.00053 |  0.00067 |  0.00081 |  0.00093 |  0.00107 |  0.00120 |  0.00133 |
| reversed        |  0.00074 |  0.00109 |  0.00146 |  0.00182 |  0.00218 |  0.00254 |  0.00290 |  0.00326 |  0.00362 |
| almost ordered  |  0.00027 |  0.00041 |  0.00054 |  0.00067 |  0.00080 |  0.00095 |  0.00107 |  0.00120 |  0.00134 |
| almost reversed |  0.00072 |  0.00110 |  0.00146 |  0.00182 |  0.00218 |  0.00253 |  0.00290 |  0.00326 |  0.00362 |

COCKTAIL SORT table
| starting array  |    10000 |    15000 |    20000 |    25000 |    30000 |    35000 |    40000 |    45000 |    50000 |
|-----------------+----------+----------+----------+----------+----------+----------+----------+----------+----------|
| random          |  1.38452 |  3.12616 |  5.51343 |  8.64704 | 12.49383 | 16.86653 | 22.14547 | 27.98610 | 34.52517 |
| ordered         |  0.00057 |  0.00086 |  0.00114 |  0.00144 |  0.00172 |  0.00201 |  0.00230 |  0.00257 |  0.00286 |
| reversed        |  0.00074 |  0.00113 |  0.00150 |  0.00186 |  0.00225 |  0.00261 |  0.00298 |  0.00335 |  0.00372 |
| almost ordered  |  0.00057 |  0.00087 |  0.00114 |  0.00143 |  0.00171 |  0.00201 |  0.00231 |  0.00257 |  0.00286 |
| almost reversed |  0.00075 |  0.00111 |  0.00150 |  0.00187 |  0.00223 |  0.00260 |  0.00297 |  0.00335 |  0.00373 |

BUCKET SORT table
| starting array  |    10000 |    15000 |    20000 |    25000 |    30000 |    35000 |    40000 |    45000 |    50000 |
|-----------------+----------+----------+----------+----------+----------+----------+----------+----------+----------|
| random          |  0.00128 |  0.00187 |  0.00251 |  0.00312 |  0.00374 |  0.00452 |  0.00527 |  0.00588 |  0.00648 |
| ordered         |  0.00129 |  0.00190 |  0.00257 |  0.00314 |  0.00375 |  0.00451 |  0.00521 |  0.00584 |  0.00647 |
| reversed        |  0.00126 |  0.00187 |  0.00251 |  0.00312 |  0.00374 |  0.00451 |  0.00532 |  0.00583 |  0.00645 |
| almost ordered  |  0.00126 |  0.00186 |  0.00250 |  0.00312 |  0.00374 |  0.00452 |  0.00521 |  0.00583 |  0.00646 |
| almost reversed |  0.00126 |  0.00188 |  0.00251 |  0.00312 |  0.00374 |  0.00451 |  0.00520 |  0.00584 |  0.00645 |

MIN: 0
MAX: 1
CMP: 1000

TIM SORT table
| starting array  |    10000 |    15000 |    20000 |    25000 |    30000 |    35000 |    40000 |    45000 |    50000 |
|-----------------+----------+----------+----------+----------+----------+----------+----------+----------+----------|
| random          |  0.19517 |  0.28900 |  0.38944 |  0.48488 |  0.57945 |  0.68553 |  0.78196 |  0.87961 |  0.97049 |
| ordered         |  0.03943 |  0.06033 |  0.07876 |  0.09860 |  0.11813 |  0.13737 |  0.15698 |  0.17661 |  0.19626 |
| reversed        |  0.03969 |  0.05959 |  0.07958 |  0.09850 |  0.11893 |  0.13788 |  0.15834 |  0.17746 |  0.19752 |
| almost ordered  |  0.03949 |  0.05978 |  0.07849 |  0.09836 |  0.11917 |  0.13791 |  0.15867 |  0.17794 |  0.19859 |
| almost reversed |  0.04001 |  0.05923 |  0.07949 |  0.09916 |  0.11842 |  0.13809 |  0.15714 |  0.17676 |  0.19651 |

QUICK SORT table
| starting array  |    10000 |    15000 |    20000 |    25000 |    30000 |    35000 |    40000 |    45000 |    50000 |
|-----------------+----------+----------+----------+----------+----------+----------+----------+----------+----------|
| random          |  0.66997 |  1.00660 |  1.36997 |  1.83803 |  2.11951 |  2.56504 |  3.00421 |  3.29907 |  3.84240 |
| ordered         |  0.68346 |  0.95430 |  1.44310 |  1.75535 |  2.01964 |  2.76853 |  3.03177 |  3.32175 |  3.70405 |
| reversed        |  0.68253 |  0.95430 |  1.44319 |  1.75606 |  2.01980 |  2.76851 |  3.03205 |  3.32134 |  3.70387 |
| almost ordered  |  0.68370 |  0.95381 |  1.44164 |  1.75540 |  2.02020 |  2.76787 |  3.03298 |  3.32115 |  3.70441 |
| almost reversed |  0.68434 |  0.95583 |  1.44042 |  1.75592 |  2.01977 |  2.76776 |  3.03276 |  3.32124 |  3.70426 |

BUCKET SORT table
| starting array  |    10000 |    15000 |    20000 |    25000 |    30000 |    35000 |    40000 |    45000 |    50000 |
|-----------------+----------+----------+----------+----------+----------+----------+----------+----------+----------|
| random          |  0.00130 |  0.00188 |  0.00251 |  0.00313 |  0.00374 |  0.00449 |  0.00529 |  0.00582 |  0.00653 |
| ordered         |  0.00128 |  0.00189 |  0.00253 |  0.00311 |  0.00400 |  0.00471 |  0.00523 |  0.00585 |  0.00647 |
| reversed        |  0.00126 |  0.00188 |  0.00252 |  0.00312 |  0.00375 |  0.00462 |  0.00525 |  0.00586 |  0.00671 |
| almost ordered  |  0.00127 |  0.00186 |  0.00251 |  0.00312 |  0.00375 |  0.00452 |  0.00520 |  0.00584 |  0.00646 |
| almost reversed |  0.00128 |  0.00186 |  0.00252 |  0.00312 |  0.00374 |  0.00456 |  0.00522 |  0.00584 |  0.00671 |

MIN: 0
MAX: 1
CMP: 100

TIM SORT table
| starting array  |    10000 |    15000 |    20000 |    25000 |    30000 |    35000 |    40000 |    45000 |    50000 |
|-----------------+----------+----------+----------+----------+----------+----------+----------+----------+----------|
| random          |  0.03194 |  0.04816 |  0.06414 |  0.08036 |  0.09703 |  0.11322 |  0.12970 |  0.14617 |  0.16209 |
| ordered         |  0.00505 |  0.00747 |  0.01007 |  0.01256 |  0.01512 |  0.01760 |  0.02002 |  0.02259 |  0.02517 |
| reversed        |  0.00516 |  0.00775 |  0.01020 |  0.01267 |  0.01514 |  0.01767 |  0.02022 |  0.02279 |  0.02533 |
| almost ordered  |  0.00515 |  0.00762 |  0.01010 |  0.01255 |  0.01509 |  0.01757 |  0.02005 |  0.02262 |  0.02521 |
| almost reversed |  0.00517 |  0.00771 |  0.01027 |  0.01253 |  0.01527 |  0.01769 |  0.02021 |  0.02270 |  0.02513 |

QUICK SORT table
| starting array  |    10000 |    15000 |    20000 |    25000 |    30000 |    35000 |    40000 |    45000 |    50000 |
|-----------------+----------+----------+----------+----------+----------+----------+----------+----------+----------|
| random          |  0.07552 |  0.11401 |  0.16231 |  0.20963 |  0.26287 |  0.30669 |  0.34353 |  0.37532 |  0.43881 |
| ordered         |  0.07810 |  0.10850 |  0.16470 |  0.20040 |  0.22976 |  0.31846 |  0.34652 |  0.37899 |  0.42204 |
| reversed        |  0.07897 |  0.10874 |  0.16460 |  0.19998 |  0.23059 |  0.31666 |  0.34592 |  0.37861 |  0.42137 |
| almost ordered  |  0.07805 |  0.10836 |  0.16459 |  0.20010 |  0.23067 |  0.31667 |  0.34620 |  0.37863 |  0.42170 |
| almost reversed |  0.07861 |  0.10837 |  0.16508 |  0.20053 |  0.22986 |  0.31657 |  0.34658 |  0.37882 |  0.42145 |

BUCKET SORT table
| starting array  |    10000 |    15000 |    20000 |    25000 |    30000 |    35000 |    40000 |    45000 |    50000 |
|-----------------+----------+----------+----------+----------+----------+----------+----------+----------+----------|
| random          |  0.00129 |  0.00188 |  0.00251 |  0.00311 |  0.00372 |  0.00446 |  0.00521 |  0.00577 |  0.00640 |
| ordered         |  0.00401 |  0.00596 |  0.00397 |  0.00469 |  0.00375 |  0.00452 |  0.00521 |  0.00583 |  0.00646 |
| reversed        |  0.00126 |  0.00187 |  0.00253 |  0.00311 |  0.00375 |  0.00453 |  0.00522 |  0.00584 |  0.00646 |
| almost ordered  |  0.00126 |  0.00186 |  0.00250 |  0.00315 |  0.00383 |  0.00457 |  0.00533 |  0.00587 |  0.00647 |
| almost reversed |  0.00126 |  0.00186 |  0.00251 |  0.00312 |  0.00375 |  0.00467 |  0.00530 |  0.00585 |  0.00648 |

MIN: 0
MAX: 1
CMP: 10

TIM SORT table
| starting array  |    10000 |    15000 |    20000 |    25000 |    30000 |    35000 |    40000 |    45000 |    50000 |
|-----------------+----------+----------+----------+----------+----------+----------+----------+----------+----------|
| random          |  0.01474 |  0.02261 |  0.02995 |  0.03770 |  0.04610 |  0.05335 |  0.06127 |  0.06923 |  0.07735 |
| ordered         |  0.00131 |  0.00197 |  0.00263 |  0.00329 |  0.00393 |  0.00460 |  0.00523 |  0.00594 |  0.00658 |
| reversed        |  0.00136 |  0.00202 |  0.00265 |  0.00332 |  0.00398 |  0.00467 |  0.00529 |  0.00595 |  0.00660 |
| almost ordered  |  0.00131 |  0.00197 |  0.00263 |  0.00333 |  0.00393 |  0.00459 |  0.00523 |  0.00589 |  0.00654 |
| almost reversed |  0.00139 |  0.00206 |  0.00266 |  0.00332 |  0.00398 |  0.00462 |  0.00528 |  0.00594 |  0.00660 |

QUICK SORT table
| starting array  |    10000 |    15000 |    20000 |    25000 |    30000 |    35000 |    40000 |    45000 |    50000 |
|-----------------+----------+----------+----------+----------+----------+----------+----------+----------+----------|
| random          |  0.01405 |  0.02285 |  0.03135 |  0.03979 |  0.04970 |  0.05431 |  0.06217 |  0.07056 |  0.08263 |
| ordered         |  0.01498 |  0.02046 |  0.03113 |  0.03779 |  0.04295 |  0.05999 |  0.06505 |  0.07115 |  0.07933 |
| reversed        |  0.01443 |  0.01969 |  0.03003 |  0.03646 |  0.04141 |  0.05819 |  0.06323 |  0.06888 |  0.07641 |
| almost ordered  |  0.01440 |  0.01961 |  0.03002 |  0.03651 |  0.04168 |  0.05956 |  0.06577 |  0.07167 |  0.07942 |
| almost reversed |  0.01487 |  0.02035 |  0.03103 |  0.03772 |  0.04313 |  0.06011 |  0.06530 |  0.07144 |  0.07965 |

BUCKET SORT table
| starting array  |    10000 |    15000 |    20000 |    25000 |    30000 |    35000 |    40000 |    45000 |    50000 |
|-----------------+----------+----------+----------+----------+----------+----------+----------+----------+----------|
| random          |  0.00130 |  0.00191 |  0.00252 |  0.00311 |  0.00376 |  0.00448 |  0.00527 |  0.00579 |  0.00642 |
| ordered         |  0.00127 |  0.00187 |  0.00251 |  0.00312 |  0.00374 |  0.00453 |  0.00530 |  0.00589 |  0.00648 |
| reversed        |  0.00126 |  0.00188 |  0.00251 |  0.00312 |  0.00376 |  0.00453 |  0.00529 |  0.00605 |  0.00668 |
| almost ordered  |  0.00127 |  0.00189 |  0.00253 |  0.00311 |  0.00374 |  0.00456 |  0.00522 |  0.00585 |  0.00647 |
| almost reversed |  0.00128 |  0.00190 |  0.00253 |  0.00312 |  0.00375 |  0.00456 |  0.00523 |  0.00584 |  0.00647 |

** Negative
MIN: -1000
MAX: 1000
CMP: 0

TIM SORT table
| starting array  |    10000 |    15000 |    20000 |    25000 |    30000 |    35000 |    40000 |    45000 |    50000 |
|-----------------+----------+----------+----------+----------+----------+----------+----------+----------+----------|
| random          |  0.02824 |  0.04411 |  0.05974 |  0.07612 |  0.09452 |  0.11029 |  0.12661 |  0.14342 |  0.16034 |
| ordered         |  0.00094 |  0.00141 |  0.00188 |  0.00236 |  0.00281 |  0.00328 |  0.00375 |  0.00421 |  0.00468 |
| reversed        |  0.00094 |  0.00140 |  0.00191 |  0.00237 |  0.00281 |  0.00329 |  0.00376 |  0.00422 |  0.00468 |
| almost ordered  |  0.00094 |  0.00142 |  0.00188 |  0.00233 |  0.00280 |  0.00328 |  0.00376 |  0.00424 |  0.00467 |
| almost reversed |  0.00094 |  0.00141 |  0.00188 |  0.00235 |  0.00281 |  0.00328 |  0.00375 |  0.00423 |  0.00467 |

QUICK SORT table
| starting array  |    10000 |    15000 |    20000 |    25000 |    30000 |    35000 |    40000 |    45000 |    50000 |
|-----------------+----------+----------+----------+----------+----------+----------+----------+----------+----------|
| random          |  0.00668 |  0.01141 |  0.01415 |  0.01807 |  0.02271 |  0.02607 |  0.03136 |  0.03474 |  0.03955 |
| ordered         |  0.00693 |  0.00903 |  0.01440 |  0.01699 |  0.01888 |  0.02798 |  0.02992 |  0.03202 |  0.03541 |
| reversed        |  0.00693 |  0.00903 |  0.01440 |  0.01698 |  0.01888 |  0.02798 |  0.02992 |  0.03202 |  0.03536 |
| almost ordered  |  0.00693 |  0.00902 |  0.01440 |  0.01701 |  0.01891 |  0.02799 |  0.02994 |  0.03204 |  0.03537 |
| almost reversed |  0.00693 |  0.00905 |  0.01441 |  0.01699 |  0.01891 |  0.02802 |  0.02994 |  0.03205 |  0.03554 |

INSERTION SORT table
| starting array  |    10000 |    15000 |    20000 |    25000 |    30000 |    35000 |    40000 |    45000 |    50000 |
|-----------------+----------+----------+----------+----------+----------+----------+----------+----------+----------|
| random          |  1.13983 |  2.57074 |  4.56170 |  7.15576 | 10.28260 | 13.88432 | 18.29994 | 23.27268 | 28.52247 |
| ordered         |  0.00027 |  0.00040 |  0.00053 |  0.00067 |  0.00080 |  0.00093 |  0.00108 |  0.00121 |  0.00135 |
| reversed        |  0.00027 |  0.00040 |  0.00053 |  0.00067 |  0.00080 |  0.00093 |  0.00108 |  0.00121 |  0.00134 |
| almost ordered  |  0.00027 |  0.00040 |  0.00053 |  0.00067 |  0.00081 |  0.00095 |  0.00108 |  0.00120 |  0.00134 |
| almost reversed |  0.00027 |  0.00040 |  0.00053 |  0.00068 |  0.00080 |  0.00094 |  0.00108 |  0.00122 |  0.00133 |

COCKTAIL SORT table
| starting array  |    10000 |    15000 |    20000 |    25000 |    30000 |    35000 |    40000 |    45000 |    50000 |
|-----------------+----------+----------+----------+----------+----------+----------+----------+----------+----------|
| random          |  1.55413 |  3.51383 |  6.24845 |  9.75850 | 14.03654 | 19.07394 | 25.00999 | 31.65606 | 38.95523 |
| ordered         |  0.00057 |  0.00086 |  0.00115 |  0.00144 |  0.00171 |  0.00200 |  0.00229 |  0.00258 |  0.00286 |
| reversed        |  0.00057 |  0.00086 |  0.00114 |  0.00144 |  0.00173 |  0.00201 |  0.00230 |  0.00257 |  0.00286 |
| almost ordered  |  0.00057 |  0.00086 |  0.00118 |  0.00144 |  0.00172 |  0.00200 |  0.00229 |  0.00257 |  0.00288 |
| almost reversed |  0.00057 |  0.00086 |  0.00114 |  0.00143 |  0.00171 |  0.00200 |  0.00229 |  0.00257 |  0.00286 |

BUCKET SORT table
| starting array  |    10000 |    15000 |    20000 |    25000 |    30000 |    35000 |    40000 |    45000 |    50000 |
|-----------------+----------+----------+----------+----------+----------+----------+----------+----------+----------|
| random          |  0.00788 |  0.01004 |  0.01157 |  0.01293 |  0.01422 |  0.01541 |  0.01647 |  0.01774 |  0.01863 |
| ordered         |  0.00203 |  0.00266 |  0.00334 |  0.00392 |  0.00453 |  0.00535 |  0.00605 |  0.00671 |  0.00733 |
| reversed        |  0.00200 |  0.00263 |  0.00329 |  0.00390 |  0.00454 |  0.00534 |  0.00608 |  0.00671 |  0.00734 |
| almost ordered  |  0.00201 |  0.00262 |  0.00328 |  0.00389 |  0.00454 |  0.00535 |  0.00605 |  0.00670 |  0.00733 |
| almost reversed |  0.00199 |  0.00261 |  0.00327 |  0.00392 |  0.00459 |  0.00546 |  0.00624 |  0.00682 |  0.00745 |

MIN: -1000
MAX: 1000
CMP: 1000

TIM SORT table
| starting array  |    10000 |    15000 |    20000 |    25000 |    30000 |    35000 |    40000 |    45000 |    50000 |
|-----------------+----------+----------+----------+----------+----------+----------+----------+----------+----------|
| random          |  0.51163 |  0.78556 |  1.09157 |  1.38338 |  1.70037 |  2.02715 |  2.32622 |  2.62984 |  2.93669 |
| ordered         |  0.03948 |  0.05954 |  0.07859 |  0.09854 |  0.11801 |  0.13749 |  0.15785 |  0.17725 |  0.19620 |
| reversed        |  0.03934 |  0.05953 |  0.07856 |  0.09889 |  0.11802 |  0.13790 |  0.15768 |  0.17713 |  0.19724 |
| almost ordered  |  0.03933 |  0.05973 |  0.07852 |  0.09831 |  0.11911 |  0.13776 |  0.15795 |  0.17717 |  0.19709 |
| almost reversed |  0.03964 |  0.05902 |  0.07894 |  0.09932 |  0.11811 |  0.13739 |  0.15699 |  0.17658 |  0.19685 |

QUICK SORT table
| starting array  |    10000 |    15000 |    20000 |    25000 |    30000 |    35000 |    40000 |    45000 |    50000 |
|-----------------+----------+----------+----------+----------+----------+----------+----------+----------+----------|
| random          |  0.75151 |  1.19042 |  1.65830 |  2.10957 |  2.48014 |  3.02867 |  3.44575 |  3.96155 |  4.38527 |
| ordered         |  0.68257 |  0.95404 |  1.44313 |  1.75601 |  2.01979 |  2.76843 |  3.03247 |  3.32212 |  3.70394 |
| reversed        |  0.68344 |  0.95423 |  1.44136 |  1.75547 |  2.01975 |  2.76841 |  3.03237 |  3.32221 |  3.70377 |
| almost ordered  |  0.68385 |  0.95424 |  1.44113 |  1.75679 |  2.02139 |  2.76928 |  3.03255 |  3.32140 |  3.70438 |
| almost reversed |  0.68342 |  0.95454 |  1.44100 |  1.75626 |  2.01979 |  2.78071 |  3.03093 |  3.31961 |  3.70228 |

BUCKET SORT table
| starting array  |    10000 |    15000 |    20000 |    25000 |    30000 |    35000 |    40000 |    45000 |    50000 |
|-----------------+----------+----------+----------+----------+----------+----------+----------+----------+----------|
| random          |  0.00788 |  0.01006 |  0.01160 |  0.01291 |  0.01427 |  0.01544 |  0.01652 |  0.01776 |  0.01865 |
| ordered         |  0.00203 |  0.00265 |  0.00334 |  0.00392 |  0.00454 |  0.00535 |  0.00603 |  0.00667 |  0.00731 |
| reversed        |  0.00200 |  0.00263 |  0.00328 |  0.00389 |  0.00454 |  0.00533 |  0.00603 |  0.00669 |  0.00732 |
| almost ordered  |  0.00200 |  0.00263 |  0.00329 |  0.00390 |  0.00454 |  0.00534 |  0.00603 |  0.00667 |  0.00731 |
| almost reversed |  0.00199 |  0.00262 |  0.00327 |  0.00389 |  0.00453 |  0.00533 |  0.00603 |  0.00668 |  0.00732 |

MIN: -1000
MAX: 1000
CMP: 100

TIM SORT table
| starting array  |    10000 |    15000 |    20000 |    25000 |    30000 |    35000 |    40000 |    45000 |    50000 |
|-----------------+----------+----------+----------+----------+----------+----------+----------+----------+----------|
| random          |  0.07883 |  0.12280 |  0.16896 |  0.21589 |  0.26394 |  0.31488 |  0.36164 |  0.40914 |  0.45631 |
| ordered         |  0.00504 |  0.00752 |  0.01004 |  0.01261 |  0.01519 |  0.01759 |  0.02000 |  0.02260 |  0.02511 |
| reversed        |  0.00513 |  0.00739 |  0.01007 |  0.01257 |  0.01507 |  0.01754 |  0.02004 |  0.02267 |  0.02511 |
| almost ordered  |  0.00510 |  0.00767 |  0.01007 |  0.01256 |  0.01504 |  0.01763 |  0.02011 |  0.02259 |  0.02514 |
| almost reversed |  0.00501 |  0.00754 |  0.01006 |  0.01246 |  0.01503 |  0.01758 |  0.02005 |  0.02269 |  0.02518 |

QUICK SORT table
| starting array  |    10000 |    15000 |    20000 |    25000 |    30000 |    35000 |    40000 |    45000 |    50000 |
|-----------------+----------+----------+----------+----------+----------+----------+----------+----------+----------|
| random          |  0.08491 |  0.13608 |  0.19048 |  0.23140 |  0.30741 |  0.33562 |  0.41498 |  0.44907 |  0.48692 |
| ordered         |  0.07810 |  0.10836 |  0.16464 |  0.19997 |  0.22980 |  0.31645 |  0.34602 |  0.37889 |  0.42170 |
| reversed        |  0.07806 |  0.10836 |  0.16464 |  0.19996 |  0.22942 |  0.31688 |  0.34625 |  0.37844 |  0.42171 |
| almost ordered  |  0.07807 |  0.10836 |  0.16457 |  0.20001 |  0.22941 |  0.31790 |  0.34652 |  0.37840 |  0.42230 |
| almost reversed |  0.07806 |  0.10935 |  0.16455 |  0.20046 |  0.22980 |  0.31767 |  0.34600 |  0.37840 |  0.42193 |

BUCKET SORT table
| starting array  |    10000 |    15000 |    20000 |    25000 |    30000 |    35000 |    40000 |    45000 |    50000 |
|-----------------+----------+----------+----------+----------+----------+----------+----------+----------+----------|
| random          |  0.00803 |  0.01011 |  0.01157 |  0.01293 |  0.01426 |  0.01550 |  0.01672 |  0.01785 |  0.01872 |
| ordered         |  0.00208 |  0.00268 |  0.00342 |  0.00398 |  0.00458 |  0.00543 |  0.00624 |  0.00674 |  0.00733 |
| reversed        |  0.00205 |  0.00267 |  0.00331 |  0.00395 |  0.00466 |  0.00537 |  0.00606 |  0.00668 |  0.00732 |
| almost ordered  |  0.00201 |  0.00267 |  0.00332 |  0.00390 |  0.00454 |  0.00536 |  0.00605 |  0.00690 |  0.00743 |
| almost reversed |  0.00201 |  0.00265 |  0.00333 |  0.00396 |  0.00460 |  0.00536 |  0.00605 |  0.00668 |  0.00731 |

MIN: -1000
MAX: 1000
CMP: 10

TIM SORT table
| starting array  |    10000 |    15000 |    20000 |    25000 |    30000 |    35000 |    40000 |    45000 |    50000 |
|-----------------+----------+----------+----------+----------+----------+----------+----------+----------+----------|
| random          |  0.03604 |  0.05229 |  0.07103 |  0.09054 |  0.11093 |  0.13206 |  0.15127 |  0.17101 |  0.19114 |
| ordered         |  0.00133 |  0.00199 |  0.00268 |  0.00333 |  0.00394 |  0.00459 |  0.00524 |  0.00590 |  0.00655 |
| reversed        |  0.00133 |  0.00199 |  0.00262 |  0.00328 |  0.00394 |  0.00458 |  0.00524 |  0.00589 |  0.00655 |
| almost ordered  |  0.00131 |  0.00197 |  0.00263 |  0.00328 |  0.00393 |  0.00459 |  0.00523 |  0.00590 |  0.00655 |
| almost reversed |  0.00131 |  0.00197 |  0.00264 |  0.00328 |  0.00393 |  0.00458 |  0.00524 |  0.00590 |  0.00654 |

QUICK SORT table
| starting array  |    10000 |    15000 |    20000 |    25000 |    30000 |    35000 |    40000 |    45000 |    50000 |
|-----------------+----------+----------+----------+----------+----------+----------+----------+----------+----------|
| random          |  0.01421 |  0.02262 |  0.03026 |  0.03877 |  0.05077 |  0.06174 |  0.06781 |  0.07413 |  0.08439 |
| ordered         |  0.01439 |  0.01966 |  0.03022 |  0.03640 |  0.04143 |  0.05945 |  0.06537 |  0.07105 |  0.07925 |
| reversed        |  0.01477 |  0.02037 |  0.03102 |  0.03776 |  0.04294 |  0.05989 |  0.06508 |  0.07028 |  0.07837 |
| almost ordered  |  0.01477 |  0.02038 |  0.03106 |  0.03778 |  0.04297 |  0.05987 |  0.06515 |  0.07105 |  0.07916 |
| almost reversed |  0.01477 |  0.02034 |  0.03106 |  0.03779 |  0.04291 |  0.06010 |  0.06523 |  0.07110 |  0.07953 |

BUCKET SORT table
| starting array  |    10000 |    15000 |    20000 |    25000 |    30000 |    35000 |    40000 |    45000 |    50000 |
|-----------------+----------+----------+----------+----------+----------+----------+----------+----------+----------|
| random          |  0.00799 |  0.01004 |  0.01166 |  0.01296 |  0.01427 |  0.01549 |  0.01651 |  0.01777 |  0.01862 |
| ordered         |  0.00204 |  0.00264 |  0.00335 |  0.00392 |  0.00453 |  0.00536 |  0.00607 |  0.00668 |  0.00736 |
| reversed        |  0.00198 |  0.00264 |  0.00329 |  0.00390 |  0.00455 |  0.00535 |  0.00606 |  0.00668 |  0.00732 |
| almost ordered  |  0.00200 |  0.00262 |  0.00328 |  0.00389 |  0.00454 |  0.00536 |  0.00604 |  0.00668 |  0.00732 |
| almost reversed |  0.00200 |  0.00262 |  0.00328 |  0.00389 |  0.00453 |  0.00536 |  0.00610 |  0.00669 |  0.00732 |

** Wide
MIN: 0
MAX: 100000
CMP: 0

TIM SORT table
| starting array  |    10000 |    15000 |    20000 |    25000 |    30000 |    35000 |    40000 |    45000 |    50000 |
|-----------------+----------+----------+----------+----------+----------+----------+----------+----------+----------|
| random          |  0.03424 |  0.04413 |  0.05960 |  0.07615 |  0.09348 |  0.10947 |  0.12618 |  0.14333 |  0.16088 |
| ordered         |  0.00095 |  0.00142 |  0.00188 |  0.00234 |  0.00281 |  0.00328 |  0.00376 |  0.00423 |  0.00469 |
| reversed        |  0.00136 |  0.00204 |  0.00272 |  0.00339 |  0.00408 |  0.00483 |  0.00542 |  0.00610 |  0.00678 |
| almost ordered  |  0.01785 |  0.02789 |  0.03739 |  0.04768 |  0.05824 |  0.06743 |  0.07870 |  0.08881 |  0.10035 |
| almost reversed |  0.02236 |  0.03839 |  0.04662 |  0.06237 |  0.07963 |  0.08258 |  0.09703 |  0.11144 |  0.12820 |

QUICK SORT table
| starting array  |    10000 |    15000 |    20000 |    25000 |    30000 |    35000 |    40000 |    45000 |    50000 |
|-----------------+----------+----------+----------+----------+----------+----------+----------+----------+----------|
| random          |  0.00633 |  0.00999 |  0.01370 |  0.01686 |  0.02070 |  0.02461 |  0.02836 |  0.03183 |  0.03682 |
| ordered         |  0.00468 |  0.00710 |  0.00918 |  0.01123 |  0.01344 |  0.01525 |  0.01687 |  0.01859 |  0.02009 |
| reversed        |  0.00392 |  0.00629 |  0.00885 |  0.01162 |  0.01365 |  0.01551 |  0.01716 |  0.01892 |  0.02047 |
| almost ordered  |  0.00505 |  0.00754 |  0.00996 |  0.01228 |  0.01446 |  0.01654 |  0.01883 |  0.02056 |  0.02233 |
| almost reversed |  0.00529 |  0.00830 |  0.01121 |  0.01432 |  0.01699 |  0.02025 |  0.02333 |  0.02684 |  0.02975 |

INSERTION SORT table
| starting array  |    10000 |    15000 |    20000 |    25000 |    30000 |    35000 |    40000 |    45000 |    50000 |
|-----------------+----------+----------+----------+----------+----------+----------+----------+----------+----------|
| random          |  1.13520 |  2.54456 |  4.56770 |  7.18419 | 10.29845 | 14.05878 | 18.26494 | 23.00330 | 28.49514 |
| ordered         |  0.00027 |  0.00040 |  0.00053 |  0.00067 |  0.00080 |  0.00093 |  0.00107 |  0.00120 |  0.00133 |
| reversed        |  2.28551 |  5.14187 |  9.14115 | 14.28421 | 20.56980 | 27.99890 | 36.56996 | 46.28439 | 57.14081 |
| almost ordered  |  0.26671 |  0.59989 |  1.03338 |  1.57505 |  2.42552 |  3.25844 |  4.16230 |  5.31499 |  6.70399 |
| almost reversed |  2.02537 |  4.53925 |  8.07100 | 12.64896 | 18.18958 | 24.75319 | 32.37345 | 40.97925 | 50.50635 |

COCKTAIL SORT table
| starting array  |    10000 |    15000 |    20000 |    25000 |    30000 |    35000 |    40000 |    45000 |    50000 |
|-----------------+----------+----------+----------+----------+----------+----------+----------+----------+----------|
| random          |  1.54504 |  3.52076 |  6.27020 |  9.83369 | 14.13090 | 19.24350 | 25.08907 | 31.74742 | 39.12670 |
| ordered         |  0.00057 |  0.00086 |  0.00114 |  0.00143 |  0.00171 |  0.00200 |  0.00229 |  0.00258 |  0.00285 |
| reversed        |  2.28486 |  5.13990 |  9.13503 | 14.27522 | 20.55813 | 27.98378 | 36.55171 | 46.26265 | 57.11632 |
| almost ordered  |  0.34184 |  0.77218 |  1.42202 |  2.22974 |  3.17896 |  4.29587 |  5.57297 |  7.11668 |  8.59544 |
| almost reversed |  2.18964 |  4.90998 |  8.73103 | 13.64834 | 19.66986 | 26.74726 | 34.93285 | 44.26319 | 54.59444 |

BUCKET SORT table
| starting array  |    10000 |    15000 |    20000 |    25000 |    30000 |    35000 |    40000 |    45000 |    50000 |
|-----------------+----------+----------+----------+----------+----------+----------+----------+----------+----------|
| random          |  0.04515 |  0.05385 |  0.06068 |  0.06667 |  0.07341 |  0.07956 |  0.08536 |  0.09204 |  0.09838 |
| ordered         |  0.04697 |  0.05214 |  0.05690 |  0.06155 |  0.06663 |  0.07127 |  0.07610 |  0.08095 |  0.08660 |
| reversed        |  0.04711 |  0.05263 |  0.05708 |  0.06238 |  0.06736 |  0.07176 |  0.07696 |  0.08186 |  0.08732 |
| almost ordered  |  0.04755 |  0.05341 |  0.05803 |  0.06318 |  0.06857 |  0.07369 |  0.07905 |  0.08441 |  0.09098 |
| almost reversed |  0.04752 |  0.05298 |  0.05810 |  0.06469 |  0.06878 |  0.07447 |  0.07950 |  0.08545 |  0.09049 |

MIN: 0
MAX: 100000
CMP: 1000

TIM SORT table
| starting array  |    10000 |    15000 |    20000 |    25000 |    30000 |    35000 |    40000 |    45000 |    50000 |
|-----------------+----------+----------+----------+----------+----------+----------+----------+----------+----------|
| random          |  0.50614 |  0.78347 |  1.08502 |  1.38302 |  1.68476 |  2.01671 |  2.32632 |  2.64023 |  2.96305 |
| ordered         |  0.03941 |  0.05897 |  0.07852 |  0.09820 |  0.11780 |  0.13735 |  0.15723 |  0.17682 |  0.19615 |
| reversed        |  0.03972 |  0.05966 |  0.07940 |  0.09931 |  0.11912 |  0.13897 |  0.15906 |  0.17881 |  0.19839 |
| almost ordered  |  0.28343 |  0.45033 |  0.59027 |  0.76419 |  0.92958 |  1.05338 |  1.20844 |  1.37135 |  1.58146 |
| almost reversed |  0.29567 |  0.47473 |  0.61665 |  0.79597 |  0.98208 |  1.10017 |  1.26855 |  1.44929 |  1.64658 |

QUICK SORT table
| starting array  |    10000 |    15000 |    20000 |    25000 |    30000 |    35000 |    40000 |    45000 |    50000 |
|-----------------+----------+----------+----------+----------+----------+----------+----------+----------+----------|
| random          |  0.75806 |  1.24455 |  1.62373 |  2.00637 |  2.47596 |  2.99365 |  3.53012 |  3.94141 |  4.27886 |
| ordered         |  0.60879 |  0.92861 |  1.24568 |  1.54356 |  1.86339 |  2.16488 |  2.45648 |  2.73922 |  3.01616 |
| reversed        |  0.53929 |  0.85715 |  1.20306 |  1.56051 |  1.86385 |  2.16540 |  2.45688 |  2.73925 |  3.01685 |
| almost ordered  |  0.61931 |  0.97305 |  1.27779 |  1.61386 |  2.03838 |  2.23999 |  2.59535 |  2.86549 |  3.22608 |
| almost reversed |  0.66222 |  1.00916 |  1.43760 |  1.77647 |  2.23106 |  2.58918 |  3.05852 |  3.78965 |  3.83142 |

BUCKET SORT table
| starting array  |    10000 |    15000 |    20000 |    25000 |    30000 |    35000 |    40000 |    45000 |    50000 |
|-----------------+----------+----------+----------+----------+----------+----------+----------+----------+----------|
| random          |  0.04527 |  0.05363 |  0.06079 |  0.06680 |  0.07304 |  0.07967 |  0.08549 |  0.09183 |  0.09849 |
| ordered         |  0.04701 |  0.05211 |  0.05675 |  0.06160 |  0.06649 |  0.07132 |  0.07615 |  0.08090 |  0.08596 |
| reversed        |  0.04726 |  0.05242 |  0.05723 |  0.06196 |  0.06693 |  0.07193 |  0.07691 |  0.08171 |  0.08738 |
| almost ordered  |  0.04776 |  0.05309 |  0.05810 |  0.06322 |  0.06859 |  0.07381 |  0.07901 |  0.08449 |  0.09073 |
| almost reversed |  0.04770 |  0.05339 |  0.05833 |  0.06340 |  0.06873 |  0.07404 |  0.07940 |  0.08472 |  0.09057 |

MIN: 0
MAX: 100000
CMP: 100

TIM SORT table
| starting array  |    10000 |    15000 |    20000 |    25000 |    30000 |    35000 |    40000 |    45000 |    50000 |
|-----------------+----------+----------+----------+----------+----------+----------+----------+----------+----------|
| random          |  0.08212 |  0.12341 |  0.16958 |  0.21683 |  0.26497 |  0.31473 |  0.36227 |  0.41129 |  0.46190 |
| ordered         |  0.00511 |  0.00761 |  0.01026 |  0.01269 |  0.01511 |  0.01819 |  0.02064 |  0.02258 |  0.02541 |
| reversed        |  0.00539 |  0.00825 |  0.01094 |  0.01370 |  0.01639 |  0.01951 |  0.02176 |  0.02462 |  0.02720 |
| almost ordered  |  0.04681 |  0.07383 |  0.09660 |  0.12545 |  0.15324 |  0.17272 |  0.20008 |  0.22691 |  0.25771 |
| almost reversed |  0.05213 |  0.08828 |  0.10813 |  0.14041 |  0.17650 |  0.19230 |  0.22186 |  0.25579 |  0.29061 |

QUICK SORT table
| starting array  |    10000 |    15000 |    20000 |    25000 |    30000 |    35000 |    40000 |    45000 |    50000 |
|-----------------+----------+----------+----------+----------+----------+----------+----------+----------+----------|
| random          |  0.08400 |  0.13286 |  0.17583 |  0.23783 |  0.29674 |  0.34762 |  0.39140 |  0.42811 |  0.48519 |
| ordered         |  0.06851 |  0.10429 |  0.13958 |  0.17257 |  0.20810 |  0.24029 |  0.27232 |  0.30266 |  0.33458 |
| reversed        |  0.06053 |  0.09757 |  0.13449 |  0.17444 |  0.20770 |  0.24141 |  0.27278 |  0.30288 |  0.33357 |
| almost ordered  |  0.06856 |  0.10777 |  0.14430 |  0.17832 |  0.21639 |  0.25399 |  0.28227 |  0.31650 |  0.34711 |
| almost reversed |  0.07606 |  0.12275 |  0.17477 |  0.22288 |  0.27301 |  0.29123 |  0.33502 |  0.37627 |  0.47774 |

BUCKET SORT table
| starting array  |    10000 |    15000 |    20000 |    25000 |    30000 |    35000 |    40000 |    45000 |    50000 |
|-----------------+----------+----------+----------+----------+----------+----------+----------+----------+----------|
| random          |  0.04534 |  0.05540 |  0.06116 |  0.06710 |  0.07709 |  0.07957 |  0.08551 |  0.09515 |  0.09960 |
| ordered         |  0.04730 |  0.05289 |  0.05715 |  0.06152 |  0.06732 |  0.07156 |  0.07613 |  0.08071 |  0.08651 |
| reversed        |  0.04731 |  0.05332 |  0.05717 |  0.06190 |  0.06687 |  0.07193 |  0.07691 |  0.08184 |  0.08782 |
| almost ordered  |  0.04773 |  0.05301 |  0.05809 |  0.06317 |  0.06853 |  0.07375 |  0.07905 |  0.08467 |  0.09082 |
| almost reversed |  0.04771 |  0.05303 |  0.05812 |  0.06335 |  0.06873 |  0.07408 |  0.07944 |  0.08461 |  0.09047 |

MIN: 0
MAX: 100000
CMP: 10

TIM SORT table
| starting array  |    10000 |    15000 |    20000 |    25000 |    30000 |    35000 |    40000 |    45000 |    50000 |
|-----------------+----------+----------+----------+----------+----------+----------+----------+----------+----------|
| random          |  0.03348 |  0.05234 |  0.07119 |  0.09051 |  0.11108 |  0.13143 |  0.15086 |  0.17169 |  0.19209 |
| ordered         |  0.00131 |  0.00198 |  0.00263 |  0.00328 |  0.00393 |  0.00460 |  0.00524 |  0.00594 |  0.00656 |
| reversed        |  0.00174 |  0.00263 |  0.00353 |  0.00435 |  0.00521 |  0.00609 |  0.00694 |  0.00782 |  0.00867 |
| almost ordered  |  0.02152 |  0.03348 |  0.04422 |  0.05667 |  0.06929 |  0.07984 |  0.09189 |  0.10388 |  0.11726 |
| almost reversed |  0.02586 |  0.04337 |  0.05313 |  0.07096 |  0.09007 |  0.09432 |  0.11023 |  0.12728 |  0.14688 |

QUICK SORT table
| starting array  |    10000 |    15000 |    20000 |    25000 |    30000 |    35000 |    40000 |    45000 |    50000 |
|-----------------+----------+----------+----------+----------+----------+----------+----------+----------+----------|
| random          |  0.01419 |  0.02304 |  0.03012 |  0.03952 |  0.04737 |  0.05547 |  0.06400 |  0.07321 |  0.08227 |
| ordered         |  0.01082 |  0.01636 |  0.02169 |  0.02673 |  0.03189 |  0.03671 |  0.04140 |  0.04588 |  0.05007 |
| reversed        |  0.00938 |  0.01489 |  0.02101 |  0.02728 |  0.03231 |  0.03734 |  0.04199 |  0.04642 |  0.05066 |
| almost ordered  |  0.01121 |  0.01696 |  0.02273 |  0.02814 |  0.03382 |  0.03924 |  0.04428 |  0.04926 |  0.05450 |
| almost reversed |  0.01257 |  0.01919 |  0.02625 |  0.03359 |  0.03985 |  0.04820 |  0.05364 |  0.06189 |  0.07850 |

BUCKET SORT table
| starting array  |    10000 |    15000 |    20000 |    25000 |    30000 |    35000 |    40000 |    45000 |    50000 |
|-----------------+----------+----------+----------+----------+----------+----------+----------+----------+----------|
| random          |  0.04522 |  0.05349 |  0.06093 |  0.06837 |  0.07326 |  0.07937 |  0.08541 |  0.09199 |  0.09921 |
| ordered         |  0.04704 |  0.05208 |  0.05672 |  0.06160 |  0.06657 |  0.07161 |  0.07605 |  0.08078 |  0.08618 |
| reversed        |  0.04711 |  0.05220 |  0.05701 |  0.06195 |  0.06698 |  0.07183 |  0.07681 |  0.08191 |  0.08741 |
| almost ordered  |  0.04761 |  0.05294 |  0.05815 |  0.06390 |  0.06870 |  0.07411 |  0.07921 |  0.08523 |  0.09021 |
| almost reversed |  0.04761 |  0.05299 |  0.05822 |  0.06367 |  0.06953 |  0.07411 |  0.07950 |  0.08474 |  0.09064 |

