MIN: -1000
MAX: 1000
CMP: 1000

TIM SORT table
| starting array  |    10000 |    15000 |    20000 |    25000 |    30000 |    35000 |    40000 |    45000 |    50000 |
|-----------------+----------+----------+----------+----------+----------+----------+----------+----------+----------|
| random          |  0.51163 |  0.78556 |  1.09157 |  1.38338 |  1.70037 |  2.02715 |  2.32622 |  2.62984 |  2.93669 |
| ordered         |  0.03948 |  0.05954 |  0.07859 |  0.09854 |  0.11801 |  0.13749 |  0.15785 |  0.17725 |  0.19620 |
| reversed        |  0.03934 |  0.05953 |  0.07856 |  0.09889 |  0.11802 |  0.13790 |  0.15768 |  0.17713 |  0.19724 |
| almost ordered  |  0.03933 |  0.05973 |  0.07852 |  0.09831 |  0.11911 |  0.13776 |  0.15795 |  0.17717 |  0.19709 |
| almost reversed |  0.03964 |  0.05902 |  0.07894 |  0.09932 |  0.11811 |  0.13739 |  0.15699 |  0.17658 |  0.19685 |

QUICK SORT table
| starting array  |    10000 |    15000 |    20000 |    25000 |    30000 |    35000 |    40000 |    45000 |    50000 |
|-----------------+----------+----------+----------+----------+----------+----------+----------+----------+----------|
| random          |  0.75151 |  1.19042 |  1.65830 |  2.10957 |  2.48014 |  3.02867 |  3.44575 |  3.96155 |  4.38527 |
| ordered         |  0.68257 |  0.95404 |  1.44313 |  1.75601 |  2.01979 |  2.76843 |  3.03247 |  3.32212 |  3.70394 |
| reversed        |  0.68344 |  0.95423 |  1.44136 |  1.75547 |  2.01975 |  2.76841 |  3.03237 |  3.32221 |  3.70377 |
| almost ordered  |  0.68385 |  0.95424 |  1.44113 |  1.75679 |  2.02139 |  2.76928 |  3.03255 |  3.32140 |  3.70438 |
| almost reversed |  0.68342 |  0.95454 |  1.44100 |  1.75626 |  2.01979 |  2.78071 |  3.03093 |  3.31961 |  3.70228 |

BUCKET SORT table
| starting array  |    10000 |    15000 |    20000 |    25000 |    30000 |    35000 |    40000 |    45000 |    50000 |
|-----------------+----------+----------+----------+----------+----------+----------+----------+----------+----------|
| random          |  0.00788 |  0.01006 |  0.01160 |  0.01291 |  0.01427 |  0.01544 |  0.01652 |  0.01776 |  0.01865 |
| ordered         |  0.00203 |  0.00265 |  0.00334 |  0.00392 |  0.00454 |  0.00535 |  0.00603 |  0.00667 |  0.00731 |
| reversed        |  0.00200 |  0.00263 |  0.00328 |  0.00389 |  0.00454 |  0.00533 |  0.00603 |  0.00669 |  0.00732 |
| almost ordered  |  0.00200 |  0.00263 |  0.00329 |  0.00390 |  0.00454 |  0.00534 |  0.00603 |  0.00667 |  0.00731 |
| almost reversed |  0.00199 |  0.00262 |  0.00327 |  0.00389 |  0.00453 |  0.00533 |  0.00603 |  0.00668 |  0.00732 |

