MIN: -1000
MAX: 1000
CMP: 100

TIM SORT table
| starting array  |    10000 |    15000 |    20000 |    25000 |    30000 |    35000 |    40000 |    45000 |    50000 |
|-----------------+----------+----------+----------+----------+----------+----------+----------+----------+----------|
| random          |  0.07883 |  0.12280 |  0.16896 |  0.21589 |  0.26394 |  0.31488 |  0.36164 |  0.40914 |  0.45631 |
| ordered         |  0.00504 |  0.00752 |  0.01004 |  0.01261 |  0.01519 |  0.01759 |  0.02000 |  0.02260 |  0.02511 |
| reversed        |  0.00513 |  0.00739 |  0.01007 |  0.01257 |  0.01507 |  0.01754 |  0.02004 |  0.02267 |  0.02511 |
| almost ordered  |  0.00510 |  0.00767 |  0.01007 |  0.01256 |  0.01504 |  0.01763 |  0.02011 |  0.02259 |  0.02514 |
| almost reversed |  0.00501 |  0.00754 |  0.01006 |  0.01246 |  0.01503 |  0.01758 |  0.02005 |  0.02269 |  0.02518 |

QUICK SORT table
| starting array  |    10000 |    15000 |    20000 |    25000 |    30000 |    35000 |    40000 |    45000 |    50000 |
|-----------------+----------+----------+----------+----------+----------+----------+----------+----------+----------|
| random          |  0.08491 |  0.13608 |  0.19048 |  0.23140 |  0.30741 |  0.33562 |  0.41498 |  0.44907 |  0.48692 |
| ordered         |  0.07810 |  0.10836 |  0.16464 |  0.19997 |  0.22980 |  0.31645 |  0.34602 |  0.37889 |  0.42170 |
| reversed        |  0.07806 |  0.10836 |  0.16464 |  0.19996 |  0.22942 |  0.31688 |  0.34625 |  0.37844 |  0.42171 |
| almost ordered  |  0.07807 |  0.10836 |  0.16457 |  0.20001 |  0.22941 |  0.31790 |  0.34652 |  0.37840 |  0.42230 |
| almost reversed |  0.07806 |  0.10935 |  0.16455 |  0.20046 |  0.22980 |  0.31767 |  0.34600 |  0.37840 |  0.42193 |

BUCKET SORT table
| starting array  |    10000 |    15000 |    20000 |    25000 |    30000 |    35000 |    40000 |    45000 |    50000 |
|-----------------+----------+----------+----------+----------+----------+----------+----------+----------+----------|
| random          |  0.00803 |  0.01011 |  0.01157 |  0.01293 |  0.01426 |  0.01550 |  0.01672 |  0.01785 |  0.01872 |
| ordered         |  0.00208 |  0.00268 |  0.00342 |  0.00398 |  0.00458 |  0.00543 |  0.00624 |  0.00674 |  0.00733 |
| reversed        |  0.00205 |  0.00267 |  0.00331 |  0.00395 |  0.00466 |  0.00537 |  0.00606 |  0.00668 |  0.00732 |
| almost ordered  |  0.00201 |  0.00267 |  0.00332 |  0.00390 |  0.00454 |  0.00536 |  0.00605 |  0.00690 |  0.00743 |
| almost reversed |  0.00201 |  0.00265 |  0.00333 |  0.00396 |  0.00460 |  0.00536 |  0.00605 |  0.00668 |  0.00731 |

