MIN: -1000
MAX: 1000
CMP: 0

TIM SORT table
| starting array  |    10000 |    15000 |    20000 |    25000 |    30000 |    35000 |    40000 |    45000 |    50000 |
|-----------------+----------+----------+----------+----------+----------+----------+----------+----------+----------|
| random          |  0.02824 |  0.04411 |  0.05974 |  0.07612 |  0.09452 |  0.11029 |  0.12661 |  0.14342 |  0.16034 |
| ordered         |  0.00094 |  0.00141 |  0.00188 |  0.00236 |  0.00281 |  0.00328 |  0.00375 |  0.00421 |  0.00468 |
| reversed        |  0.00094 |  0.00140 |  0.00191 |  0.00237 |  0.00281 |  0.00329 |  0.00376 |  0.00422 |  0.00468 |
| almost ordered  |  0.00094 |  0.00142 |  0.00188 |  0.00233 |  0.00280 |  0.00328 |  0.00376 |  0.00424 |  0.00467 |
| almost reversed |  0.00094 |  0.00141 |  0.00188 |  0.00235 |  0.00281 |  0.00328 |  0.00375 |  0.00423 |  0.00467 |

QUICK SORT table
| starting array  |    10000 |    15000 |    20000 |    25000 |    30000 |    35000 |    40000 |    45000 |    50000 |
|-----------------+----------+----------+----------+----------+----------+----------+----------+----------+----------|
| random          |  0.00668 |  0.01141 |  0.01415 |  0.01807 |  0.02271 |  0.02607 |  0.03136 |  0.03474 |  0.03955 |
| ordered         |  0.00693 |  0.00903 |  0.01440 |  0.01699 |  0.01888 |  0.02798 |  0.02992 |  0.03202 |  0.03541 |
| reversed        |  0.00693 |  0.00903 |  0.01440 |  0.01698 |  0.01888 |  0.02798 |  0.02992 |  0.03202 |  0.03536 |
| almost ordered  |  0.00693 |  0.00902 |  0.01440 |  0.01701 |  0.01891 |  0.02799 |  0.02994 |  0.03204 |  0.03537 |
| almost reversed |  0.00693 |  0.00905 |  0.01441 |  0.01699 |  0.01891 |  0.02802 |  0.02994 |  0.03205 |  0.03554 |

INSERTION SORT table
| starting array  |    10000 |    15000 |    20000 |    25000 |    30000 |    35000 |    40000 |    45000 |    50000 |
|-----------------+----------+----------+----------+----------+----------+----------+----------+----------+----------|
| random          |  1.13983 |  2.57074 |  4.56170 |  7.15576 | 10.28260 | 13.88432 | 18.29994 | 23.27268 | 28.52247 |
| ordered         |  0.00027 |  0.00040 |  0.00053 |  0.00067 |  0.00080 |  0.00093 |  0.00108 |  0.00121 |  0.00135 |
| reversed        |  0.00027 |  0.00040 |  0.00053 |  0.00067 |  0.00080 |  0.00093 |  0.00108 |  0.00121 |  0.00134 |
| almost ordered  |  0.00027 |  0.00040 |  0.00053 |  0.00067 |  0.00081 |  0.00095 |  0.00108 |  0.00120 |  0.00134 |
| almost reversed |  0.00027 |  0.00040 |  0.00053 |  0.00068 |  0.00080 |  0.00094 |  0.00108 |  0.00122 |  0.00133 |

COCKTAIL SORT table
| starting array  |    10000 |    15000 |    20000 |    25000 |    30000 |    35000 |    40000 |    45000 |    50000 |
|-----------------+----------+----------+----------+----------+----------+----------+----------+----------+----------|
| random          |  1.55413 |  3.51383 |  6.24845 |  9.75850 | 14.03654 | 19.07394 | 25.00999 | 31.65606 | 38.95523 |
| ordered         |  0.00057 |  0.00086 |  0.00115 |  0.00144 |  0.00171 |  0.00200 |  0.00229 |  0.00258 |  0.00286 |
| reversed        |  0.00057 |  0.00086 |  0.00114 |  0.00144 |  0.00173 |  0.00201 |  0.00230 |  0.00257 |  0.00286 |
| almost ordered  |  0.00057 |  0.00086 |  0.00118 |  0.00144 |  0.00172 |  0.00200 |  0.00229 |  0.00257 |  0.00288 |
| almost reversed |  0.00057 |  0.00086 |  0.00114 |  0.00143 |  0.00171 |  0.00200 |  0.00229 |  0.00257 |  0.00286 |

BUCKET SORT table
| starting array  |    10000 |    15000 |    20000 |    25000 |    30000 |    35000 |    40000 |    45000 |    50000 |
|-----------------+----------+----------+----------+----------+----------+----------+----------+----------+----------|
| random          |  0.00788 |  0.01004 |  0.01157 |  0.01293 |  0.01422 |  0.01541 |  0.01647 |  0.01774 |  0.01863 |
| ordered         |  0.00203 |  0.00266 |  0.00334 |  0.00392 |  0.00453 |  0.00535 |  0.00605 |  0.00671 |  0.00733 |
| reversed        |  0.00200 |  0.00263 |  0.00329 |  0.00390 |  0.00454 |  0.00534 |  0.00608 |  0.00671 |  0.00734 |
| almost ordered  |  0.00201 |  0.00262 |  0.00328 |  0.00389 |  0.00454 |  0.00535 |  0.00605 |  0.00670 |  0.00733 |
| almost reversed |  0.00199 |  0.00261 |  0.00327 |  0.00392 |  0.00459 |  0.00546 |  0.00624 |  0.00682 |  0.00745 |

