MIN: -1000
MAX: 1000
CMP: 10

TIM SORT table
| starting array  |    10000 |    15000 |    20000 |    25000 |    30000 |    35000 |    40000 |    45000 |    50000 |
|-----------------+----------+----------+----------+----------+----------+----------+----------+----------+----------|
| random          |  0.03604 |  0.05229 |  0.07103 |  0.09054 |  0.11093 |  0.13206 |  0.15127 |  0.17101 |  0.19114 |
| ordered         |  0.00133 |  0.00199 |  0.00268 |  0.00333 |  0.00394 |  0.00459 |  0.00524 |  0.00590 |  0.00655 |
| reversed        |  0.00133 |  0.00199 |  0.00262 |  0.00328 |  0.00394 |  0.00458 |  0.00524 |  0.00589 |  0.00655 |
| almost ordered  |  0.00131 |  0.00197 |  0.00263 |  0.00328 |  0.00393 |  0.00459 |  0.00523 |  0.00590 |  0.00655 |
| almost reversed |  0.00131 |  0.00197 |  0.00264 |  0.00328 |  0.00393 |  0.00458 |  0.00524 |  0.00590 |  0.00654 |

QUICK SORT table
| starting array  |    10000 |    15000 |    20000 |    25000 |    30000 |    35000 |    40000 |    45000 |    50000 |
|-----------------+----------+----------+----------+----------+----------+----------+----------+----------+----------|
| random          |  0.01421 |  0.02262 |  0.03026 |  0.03877 |  0.05077 |  0.06174 |  0.06781 |  0.07413 |  0.08439 |
| ordered         |  0.01439 |  0.01966 |  0.03022 |  0.03640 |  0.04143 |  0.05945 |  0.06537 |  0.07105 |  0.07925 |
| reversed        |  0.01477 |  0.02037 |  0.03102 |  0.03776 |  0.04294 |  0.05989 |  0.06508 |  0.07028 |  0.07837 |
| almost ordered  |  0.01477 |  0.02038 |  0.03106 |  0.03778 |  0.04297 |  0.05987 |  0.06515 |  0.07105 |  0.07916 |
| almost reversed |  0.01477 |  0.02034 |  0.03106 |  0.03779 |  0.04291 |  0.06010 |  0.06523 |  0.07110 |  0.07953 |

BUCKET SORT table
| starting array  |    10000 |    15000 |    20000 |    25000 |    30000 |    35000 |    40000 |    45000 |    50000 |
|-----------------+----------+----------+----------+----------+----------+----------+----------+----------+----------|
| random          |  0.00799 |  0.01004 |  0.01166 |  0.01296 |  0.01427 |  0.01549 |  0.01651 |  0.01777 |  0.01862 |
| ordered         |  0.00204 |  0.00264 |  0.00335 |  0.00392 |  0.00453 |  0.00536 |  0.00607 |  0.00668 |  0.00736 |
| reversed        |  0.00198 |  0.00264 |  0.00329 |  0.00390 |  0.00455 |  0.00535 |  0.00606 |  0.00668 |  0.00732 |
| almost ordered  |  0.00200 |  0.00262 |  0.00328 |  0.00389 |  0.00454 |  0.00536 |  0.00604 |  0.00668 |  0.00732 |
| almost reversed |  0.00200 |  0.00262 |  0.00328 |  0.00389 |  0.00453 |  0.00536 |  0.00610 |  0.00669 |  0.00732 |

