MIN: 0
MAX: 1
CMP: 10

TIM SORT table
| starting array  |    10000 |    15000 |    20000 |    25000 |    30000 |    35000 |    40000 |    45000 |    50000 |
|-----------------+----------+----------+----------+----------+----------+----------+----------+----------+----------|
| random          |  0.01474 |  0.02261 |  0.02995 |  0.03770 |  0.04610 |  0.05335 |  0.06127 |  0.06923 |  0.07735 |
| ordered         |  0.00131 |  0.00197 |  0.00263 |  0.00329 |  0.00393 |  0.00460 |  0.00523 |  0.00594 |  0.00658 |
| reversed        |  0.00136 |  0.00202 |  0.00265 |  0.00332 |  0.00398 |  0.00467 |  0.00529 |  0.00595 |  0.00660 |
| almost ordered  |  0.00131 |  0.00197 |  0.00263 |  0.00333 |  0.00393 |  0.00459 |  0.00523 |  0.00589 |  0.00654 |
| almost reversed |  0.00139 |  0.00206 |  0.00266 |  0.00332 |  0.00398 |  0.00462 |  0.00528 |  0.00594 |  0.00660 |

QUICK SORT table
| starting array  |    10000 |    15000 |    20000 |    25000 |    30000 |    35000 |    40000 |    45000 |    50000 |
|-----------------+----------+----------+----------+----------+----------+----------+----------+----------+----------|
| random          |  0.01405 |  0.02285 |  0.03135 |  0.03979 |  0.04970 |  0.05431 |  0.06217 |  0.07056 |  0.08263 |
| ordered         |  0.01498 |  0.02046 |  0.03113 |  0.03779 |  0.04295 |  0.05999 |  0.06505 |  0.07115 |  0.07933 |
| reversed        |  0.01443 |  0.01969 |  0.03003 |  0.03646 |  0.04141 |  0.05819 |  0.06323 |  0.06888 |  0.07641 |
| almost ordered  |  0.01440 |  0.01961 |  0.03002 |  0.03651 |  0.04168 |  0.05956 |  0.06577 |  0.07167 |  0.07942 |
| almost reversed |  0.01487 |  0.02035 |  0.03103 |  0.03772 |  0.04313 |  0.06011 |  0.06530 |  0.07144 |  0.07965 |

BUCKET SORT table
| starting array  |    10000 |    15000 |    20000 |    25000 |    30000 |    35000 |    40000 |    45000 |    50000 |
|-----------------+----------+----------+----------+----------+----------+----------+----------+----------+----------|
| random          |  0.00130 |  0.00191 |  0.00252 |  0.00311 |  0.00376 |  0.00448 |  0.00527 |  0.00579 |  0.00642 |
| ordered         |  0.00127 |  0.00187 |  0.00251 |  0.00312 |  0.00374 |  0.00453 |  0.00530 |  0.00589 |  0.00648 |
| reversed        |  0.00126 |  0.00188 |  0.00251 |  0.00312 |  0.00376 |  0.00453 |  0.00529 |  0.00605 |  0.00668 |
| almost ordered  |  0.00127 |  0.00189 |  0.00253 |  0.00311 |  0.00374 |  0.00456 |  0.00522 |  0.00585 |  0.00647 |
| almost reversed |  0.00128 |  0.00190 |  0.00253 |  0.00312 |  0.00375 |  0.00456 |  0.00523 |  0.00584 |  0.00647 |

