MIN: 0
MAX: 1
CMP: 1000

TIM SORT table
| starting array  |    10000 |    15000 |    20000 |    25000 |    30000 |    35000 |    40000 |    45000 |    50000 |
|-----------------+----------+----------+----------+----------+----------+----------+----------+----------+----------|
| random          |  0.19517 |  0.28900 |  0.38944 |  0.48488 |  0.57945 |  0.68553 |  0.78196 |  0.87961 |  0.97049 |
| ordered         |  0.03943 |  0.06033 |  0.07876 |  0.09860 |  0.11813 |  0.13737 |  0.15698 |  0.17661 |  0.19626 |
| reversed        |  0.03969 |  0.05959 |  0.07958 |  0.09850 |  0.11893 |  0.13788 |  0.15834 |  0.17746 |  0.19752 |
| almost ordered  |  0.03949 |  0.05978 |  0.07849 |  0.09836 |  0.11917 |  0.13791 |  0.15867 |  0.17794 |  0.19859 |
| almost reversed |  0.04001 |  0.05923 |  0.07949 |  0.09916 |  0.11842 |  0.13809 |  0.15714 |  0.17676 |  0.19651 |

QUICK SORT table
| starting array  |    10000 |    15000 |    20000 |    25000 |    30000 |    35000 |    40000 |    45000 |    50000 |
|-----------------+----------+----------+----------+----------+----------+----------+----------+----------+----------|
| random          |  0.66997 |  1.00660 |  1.36997 |  1.83803 |  2.11951 |  2.56504 |  3.00421 |  3.29907 |  3.84240 |
| ordered         |  0.68346 |  0.95430 |  1.44310 |  1.75535 |  2.01964 |  2.76853 |  3.03177 |  3.32175 |  3.70405 |
| reversed        |  0.68253 |  0.95430 |  1.44319 |  1.75606 |  2.01980 |  2.76851 |  3.03205 |  3.32134 |  3.70387 |
| almost ordered  |  0.68370 |  0.95381 |  1.44164 |  1.75540 |  2.02020 |  2.76787 |  3.03298 |  3.32115 |  3.70441 |
| almost reversed |  0.68434 |  0.95583 |  1.44042 |  1.75592 |  2.01977 |  2.76776 |  3.03276 |  3.32124 |  3.70426 |

BUCKET SORT table
| starting array  |    10000 |    15000 |    20000 |    25000 |    30000 |    35000 |    40000 |    45000 |    50000 |
|-----------------+----------+----------+----------+----------+----------+----------+----------+----------+----------|
| random          |  0.00130 |  0.00188 |  0.00251 |  0.00313 |  0.00374 |  0.00449 |  0.00529 |  0.00582 |  0.00653 |
| ordered         |  0.00128 |  0.00189 |  0.00253 |  0.00311 |  0.00400 |  0.00471 |  0.00523 |  0.00585 |  0.00647 |
| reversed        |  0.00126 |  0.00188 |  0.00252 |  0.00312 |  0.00375 |  0.00462 |  0.00525 |  0.00586 |  0.00671 |
| almost ordered  |  0.00127 |  0.00186 |  0.00251 |  0.00312 |  0.00375 |  0.00452 |  0.00520 |  0.00584 |  0.00646 |
| almost reversed |  0.00128 |  0.00186 |  0.00252 |  0.00312 |  0.00374 |  0.00456 |  0.00522 |  0.00584 |  0.00671 |

