MIN: 0
MAX: 1
CMP: 0

TIM SORT table
| starting array  |    10000 |    15000 |    20000 |    25000 |    30000 |    35000 |    40000 |    45000 |    50000 |
|-----------------+----------+----------+----------+----------+----------+----------+----------+----------+----------|
| random          |  0.01977 |  0.01939 |  0.02572 |  0.03244 |  0.03935 |  0.04532 |  0.05213 |  0.05897 |  0.06583 |
| ordered         |  0.00094 |  0.00140 |  0.00188 |  0.00233 |  0.00281 |  0.00327 |  0.00374 |  0.00421 |  0.00472 |
| reversed        |  0.00100 |  0.00145 |  0.00191 |  0.00239 |  0.00287 |  0.00332 |  0.00378 |  0.00426 |  0.00472 |
| almost ordered  |  0.00094 |  0.00140 |  0.00189 |  0.00237 |  0.00285 |  0.00329 |  0.00375 |  0.00422 |  0.00467 |
| almost reversed |  0.00098 |  0.00146 |  0.00193 |  0.00240 |  0.00289 |  0.00332 |  0.00378 |  0.00427 |  0.00474 |

QUICK SORT table
| starting array  |    10000 |    15000 |    20000 |    25000 |    30000 |    35000 |    40000 |    45000 |    50000 |
|-----------------+----------+----------+----------+----------+----------+----------+----------+----------+----------|
| random          |  0.00672 |  0.01107 |  0.01369 |  0.01808 |  0.02186 |  0.02549 |  0.02805 |  0.03138 |  0.03720 |
| ordered         |  0.00694 |  0.00903 |  0.01441 |  0.01699 |  0.01890 |  0.02801 |  0.02993 |  0.03205 |  0.03539 |
| reversed        |  0.00693 |  0.00903 |  0.01441 |  0.01704 |  0.01891 |  0.02814 |  0.02992 |  0.03201 |  0.03538 |
| almost ordered  |  0.00693 |  0.00903 |  0.01440 |  0.01698 |  0.01888 |  0.02798 |  0.02992 |  0.03203 |  0.03539 |
| almost reversed |  0.00692 |  0.00903 |  0.01440 |  0.01698 |  0.01888 |  0.02798 |  0.02992 |  0.03202 |  0.03536 |

INSERTION SORT table
| starting array  |    10000 |    15000 |    20000 |    25000 |    30000 |    35000 |    40000 |    45000 |    50000 |
|-----------------+----------+----------+----------+----------+----------+----------+----------+----------+----------|
| random          |  0.57505 |  1.30937 |  2.28550 |  3.60247 |  5.18974 |  6.95186 |  9.14881 | 11.46988 | 14.19727 |
| ordered         |  0.00028 |  0.00040 |  0.00053 |  0.00067 |  0.00081 |  0.00093 |  0.00107 |  0.00120 |  0.00133 |
| reversed        |  0.00074 |  0.00109 |  0.00146 |  0.00182 |  0.00218 |  0.00254 |  0.00290 |  0.00326 |  0.00362 |
| almost ordered  |  0.00027 |  0.00041 |  0.00054 |  0.00067 |  0.00080 |  0.00095 |  0.00107 |  0.00120 |  0.00134 |
| almost reversed |  0.00072 |  0.00110 |  0.00146 |  0.00182 |  0.00218 |  0.00253 |  0.00290 |  0.00326 |  0.00362 |

COCKTAIL SORT table
| starting array  |    10000 |    15000 |    20000 |    25000 |    30000 |    35000 |    40000 |    45000 |    50000 |
|-----------------+----------+----------+----------+----------+----------+----------+----------+----------+----------|
| random          |  1.38452 |  3.12616 |  5.51343 |  8.64704 | 12.49383 | 16.86653 | 22.14547 | 27.98610 | 34.52517 |
| ordered         |  0.00057 |  0.00086 |  0.00114 |  0.00144 |  0.00172 |  0.00201 |  0.00230 |  0.00257 |  0.00286 |
| reversed        |  0.00074 |  0.00113 |  0.00150 |  0.00186 |  0.00225 |  0.00261 |  0.00298 |  0.00335 |  0.00372 |
| almost ordered  |  0.00057 |  0.00087 |  0.00114 |  0.00143 |  0.00171 |  0.00201 |  0.00231 |  0.00257 |  0.00286 |
| almost reversed |  0.00075 |  0.00111 |  0.00150 |  0.00187 |  0.00223 |  0.00260 |  0.00297 |  0.00335 |  0.00373 |

BUCKET SORT table
| starting array  |    10000 |    15000 |    20000 |    25000 |    30000 |    35000 |    40000 |    45000 |    50000 |
|-----------------+----------+----------+----------+----------+----------+----------+----------+----------+----------|
| random          |  0.00128 |  0.00187 |  0.00251 |  0.00312 |  0.00374 |  0.00452 |  0.00527 |  0.00588 |  0.00648 |
| ordered         |  0.00129 |  0.00190 |  0.00257 |  0.00314 |  0.00375 |  0.00451 |  0.00521 |  0.00584 |  0.00647 |
| reversed        |  0.00126 |  0.00187 |  0.00251 |  0.00312 |  0.00374 |  0.00451 |  0.00532 |  0.00583 |  0.00645 |
| almost ordered  |  0.00126 |  0.00186 |  0.00250 |  0.00312 |  0.00374 |  0.00452 |  0.00521 |  0.00583 |  0.00646 |
| almost reversed |  0.00126 |  0.00188 |  0.00251 |  0.00312 |  0.00374 |  0.00451 |  0.00520 |  0.00584 |  0.00645 |

