MIN: 0
MAX: 1
CMP: 100

TIM SORT table
| starting array  |    10000 |    15000 |    20000 |    25000 |    30000 |    35000 |    40000 |    45000 |    50000 |
|-----------------+----------+----------+----------+----------+----------+----------+----------+----------+----------|
| random          |  0.03194 |  0.04816 |  0.06414 |  0.08036 |  0.09703 |  0.11322 |  0.12970 |  0.14617 |  0.16209 |
| ordered         |  0.00505 |  0.00747 |  0.01007 |  0.01256 |  0.01512 |  0.01760 |  0.02002 |  0.02259 |  0.02517 |
| reversed        |  0.00516 |  0.00775 |  0.01020 |  0.01267 |  0.01514 |  0.01767 |  0.02022 |  0.02279 |  0.02533 |
| almost ordered  |  0.00515 |  0.00762 |  0.01010 |  0.01255 |  0.01509 |  0.01757 |  0.02005 |  0.02262 |  0.02521 |
| almost reversed |  0.00517 |  0.00771 |  0.01027 |  0.01253 |  0.01527 |  0.01769 |  0.02021 |  0.02270 |  0.02513 |

QUICK SORT table
| starting array  |    10000 |    15000 |    20000 |    25000 |    30000 |    35000 |    40000 |    45000 |    50000 |
|-----------------+----------+----------+----------+----------+----------+----------+----------+----------+----------|
| random          |  0.07552 |  0.11401 |  0.16231 |  0.20963 |  0.26287 |  0.30669 |  0.34353 |  0.37532 |  0.43881 |
| ordered         |  0.07810 |  0.10850 |  0.16470 |  0.20040 |  0.22976 |  0.31846 |  0.34652 |  0.37899 |  0.42204 |
| reversed        |  0.07897 |  0.10874 |  0.16460 |  0.19998 |  0.23059 |  0.31666 |  0.34592 |  0.37861 |  0.42137 |
| almost ordered  |  0.07805 |  0.10836 |  0.16459 |  0.20010 |  0.23067 |  0.31667 |  0.34620 |  0.37863 |  0.42170 |
| almost reversed |  0.07861 |  0.10837 |  0.16508 |  0.20053 |  0.22986 |  0.31657 |  0.34658 |  0.37882 |  0.42145 |

BUCKET SORT table
| starting array  |    10000 |    15000 |    20000 |    25000 |    30000 |    35000 |    40000 |    45000 |    50000 |
|-----------------+----------+----------+----------+----------+----------+----------+----------+----------+----------|
| random          |  0.00129 |  0.00188 |  0.00251 |  0.00311 |  0.00372 |  0.00446 |  0.00521 |  0.00577 |  0.00640 |
| ordered         |  0.00401 |  0.00596 |  0.00397 |  0.00469 |  0.00375 |  0.00452 |  0.00521 |  0.00583 |  0.00646 |
| reversed        |  0.00126 |  0.00187 |  0.00253 |  0.00311 |  0.00375 |  0.00453 |  0.00522 |  0.00584 |  0.00646 |
| almost ordered  |  0.00126 |  0.00186 |  0.00250 |  0.00315 |  0.00383 |  0.00457 |  0.00533 |  0.00587 |  0.00647 |
| almost reversed |  0.00126 |  0.00186 |  0.00251 |  0.00312 |  0.00375 |  0.00467 |  0.00530 |  0.00585 |  0.00648 |

