MIN: 0
MAX: 100000
CMP: 10

TIM SORT table
| starting array  |    10000 |    15000 |    20000 |    25000 |    30000 |    35000 |    40000 |    45000 |    50000 |
|-----------------+----------+----------+----------+----------+----------+----------+----------+----------+----------|
| random          |  0.03348 |  0.05234 |  0.07119 |  0.09051 |  0.11108 |  0.13143 |  0.15086 |  0.17169 |  0.19209 |
| ordered         |  0.00131 |  0.00198 |  0.00263 |  0.00328 |  0.00393 |  0.00460 |  0.00524 |  0.00594 |  0.00656 |
| reversed        |  0.00174 |  0.00263 |  0.00353 |  0.00435 |  0.00521 |  0.00609 |  0.00694 |  0.00782 |  0.00867 |
| almost ordered  |  0.02152 |  0.03348 |  0.04422 |  0.05667 |  0.06929 |  0.07984 |  0.09189 |  0.10388 |  0.11726 |
| almost reversed |  0.02586 |  0.04337 |  0.05313 |  0.07096 |  0.09007 |  0.09432 |  0.11023 |  0.12728 |  0.14688 |

QUICK SORT table
| starting array  |    10000 |    15000 |    20000 |    25000 |    30000 |    35000 |    40000 |    45000 |    50000 |
|-----------------+----------+----------+----------+----------+----------+----------+----------+----------+----------|
| random          |  0.01419 |  0.02304 |  0.03012 |  0.03952 |  0.04737 |  0.05547 |  0.06400 |  0.07321 |  0.08227 |
| ordered         |  0.01082 |  0.01636 |  0.02169 |  0.02673 |  0.03189 |  0.03671 |  0.04140 |  0.04588 |  0.05007 |
| reversed        |  0.00938 |  0.01489 |  0.02101 |  0.02728 |  0.03231 |  0.03734 |  0.04199 |  0.04642 |  0.05066 |
| almost ordered  |  0.01121 |  0.01696 |  0.02273 |  0.02814 |  0.03382 |  0.03924 |  0.04428 |  0.04926 |  0.05450 |
| almost reversed |  0.01257 |  0.01919 |  0.02625 |  0.03359 |  0.03985 |  0.04820 |  0.05364 |  0.06189 |  0.07850 |

BUCKET SORT table
| starting array  |    10000 |    15000 |    20000 |    25000 |    30000 |    35000 |    40000 |    45000 |    50000 |
|-----------------+----------+----------+----------+----------+----------+----------+----------+----------+----------|
| random          |  0.04522 |  0.05349 |  0.06093 |  0.06837 |  0.07326 |  0.07937 |  0.08541 |  0.09199 |  0.09921 |
| ordered         |  0.04704 |  0.05208 |  0.05672 |  0.06160 |  0.06657 |  0.07161 |  0.07605 |  0.08078 |  0.08618 |
| reversed        |  0.04711 |  0.05220 |  0.05701 |  0.06195 |  0.06698 |  0.07183 |  0.07681 |  0.08191 |  0.08741 |
| almost ordered  |  0.04761 |  0.05294 |  0.05815 |  0.06390 |  0.06870 |  0.07411 |  0.07921 |  0.08523 |  0.09021 |
| almost reversed |  0.04761 |  0.05299 |  0.05822 |  0.06367 |  0.06953 |  0.07411 |  0.07950 |  0.08474 |  0.09064 |

