MIN: 0
MAX: 100000
CMP: 0

TIM SORT table
| starting array  |    10000 |    15000 |    20000 |    25000 |    30000 |    35000 |    40000 |    45000 |    50000 |
|-----------------+----------+----------+----------+----------+----------+----------+----------+----------+----------|
| random          |  0.03424 |  0.04413 |  0.05960 |  0.07615 |  0.09348 |  0.10947 |  0.12618 |  0.14333 |  0.16088 |
| ordered         |  0.00095 |  0.00142 |  0.00188 |  0.00234 |  0.00281 |  0.00328 |  0.00376 |  0.00423 |  0.00469 |
| reversed        |  0.00136 |  0.00204 |  0.00272 |  0.00339 |  0.00408 |  0.00483 |  0.00542 |  0.00610 |  0.00678 |
| almost ordered  |  0.01785 |  0.02789 |  0.03739 |  0.04768 |  0.05824 |  0.06743 |  0.07870 |  0.08881 |  0.10035 |
| almost reversed |  0.02236 |  0.03839 |  0.04662 |  0.06237 |  0.07963 |  0.08258 |  0.09703 |  0.11144 |  0.12820 |

QUICK SORT table
| starting array  |    10000 |    15000 |    20000 |    25000 |    30000 |    35000 |    40000 |    45000 |    50000 |
|-----------------+----------+----------+----------+----------+----------+----------+----------+----------+----------|
| random          |  0.00633 |  0.00999 |  0.01370 |  0.01686 |  0.02070 |  0.02461 |  0.02836 |  0.03183 |  0.03682 |
| ordered         |  0.00468 |  0.00710 |  0.00918 |  0.01123 |  0.01344 |  0.01525 |  0.01687 |  0.01859 |  0.02009 |
| reversed        |  0.00392 |  0.00629 |  0.00885 |  0.01162 |  0.01365 |  0.01551 |  0.01716 |  0.01892 |  0.02047 |
| almost ordered  |  0.00505 |  0.00754 |  0.00996 |  0.01228 |  0.01446 |  0.01654 |  0.01883 |  0.02056 |  0.02233 |
| almost reversed |  0.00529 |  0.00830 |  0.01121 |  0.01432 |  0.01699 |  0.02025 |  0.02333 |  0.02684 |  0.02975 |

INSERTION SORT table
| starting array  |    10000 |    15000 |    20000 |    25000 |    30000 |    35000 |    40000 |    45000 |    50000 |
|-----------------+----------+----------+----------+----------+----------+----------+----------+----------+----------|
| random          |  1.13520 |  2.54456 |  4.56770 |  7.18419 | 10.29845 | 14.05878 | 18.26494 | 23.00330 | 28.49514 |
| ordered         |  0.00027 |  0.00040 |  0.00053 |  0.00067 |  0.00080 |  0.00093 |  0.00107 |  0.00120 |  0.00133 |
| reversed        |  2.28551 |  5.14187 |  9.14115 | 14.28421 | 20.56980 | 27.99890 | 36.56996 | 46.28439 | 57.14081 |
| almost ordered  |  0.26671 |  0.59989 |  1.03338 |  1.57505 |  2.42552 |  3.25844 |  4.16230 |  5.31499 |  6.70399 |
| almost reversed |  2.02537 |  4.53925 |  8.07100 | 12.64896 | 18.18958 | 24.75319 | 32.37345 | 40.97925 | 50.50635 |

COCKTAIL SORT table
| starting array  |    10000 |    15000 |    20000 |    25000 |    30000 |    35000 |    40000 |    45000 |    50000 |
|-----------------+----------+----------+----------+----------+----------+----------+----------+----------+----------|
| random          |  1.54504 |  3.52076 |  6.27020 |  9.83369 | 14.13090 | 19.24350 | 25.08907 | 31.74742 | 39.12670 |
| ordered         |  0.00057 |  0.00086 |  0.00114 |  0.00143 |  0.00171 |  0.00200 |  0.00229 |  0.00258 |  0.00285 |
| reversed        |  2.28486 |  5.13990 |  9.13503 | 14.27522 | 20.55813 | 27.98378 | 36.55171 | 46.26265 | 57.11632 |
| almost ordered  |  0.34184 |  0.77218 |  1.42202 |  2.22974 |  3.17896 |  4.29587 |  5.57297 |  7.11668 |  8.59544 |
| almost reversed |  2.18964 |  4.90998 |  8.73103 | 13.64834 | 19.66986 | 26.74726 | 34.93285 | 44.26319 | 54.59444 |

BUCKET SORT table
| starting array  |    10000 |    15000 |    20000 |    25000 |    30000 |    35000 |    40000 |    45000 |    50000 |
|-----------------+----------+----------+----------+----------+----------+----------+----------+----------+----------|
| random          |  0.04515 |  0.05385 |  0.06068 |  0.06667 |  0.07341 |  0.07956 |  0.08536 |  0.09204 |  0.09838 |
| ordered         |  0.04697 |  0.05214 |  0.05690 |  0.06155 |  0.06663 |  0.07127 |  0.07610 |  0.08095 |  0.08660 |
| reversed        |  0.04711 |  0.05263 |  0.05708 |  0.06238 |  0.06736 |  0.07176 |  0.07696 |  0.08186 |  0.08732 |
| almost ordered  |  0.04755 |  0.05341 |  0.05803 |  0.06318 |  0.06857 |  0.07369 |  0.07905 |  0.08441 |  0.09098 |
| almost reversed |  0.04752 |  0.05298 |  0.05810 |  0.06469 |  0.06878 |  0.07447 |  0.07950 |  0.08545 |  0.09049 |

