MIN: 0
MAX: 100000
CMP: 1000

TIM SORT table
| starting array  |    10000 |    15000 |    20000 |    25000 |    30000 |    35000 |    40000 |    45000 |    50000 |
|-----------------+----------+----------+----------+----------+----------+----------+----------+----------+----------|
| random          |  0.50614 |  0.78347 |  1.08502 |  1.38302 |  1.68476 |  2.01671 |  2.32632 |  2.64023 |  2.96305 |
| ordered         |  0.03941 |  0.05897 |  0.07852 |  0.09820 |  0.11780 |  0.13735 |  0.15723 |  0.17682 |  0.19615 |
| reversed        |  0.03972 |  0.05966 |  0.07940 |  0.09931 |  0.11912 |  0.13897 |  0.15906 |  0.17881 |  0.19839 |
| almost ordered  |  0.28343 |  0.45033 |  0.59027 |  0.76419 |  0.92958 |  1.05338 |  1.20844 |  1.37135 |  1.58146 |
| almost reversed |  0.29567 |  0.47473 |  0.61665 |  0.79597 |  0.98208 |  1.10017 |  1.26855 |  1.44929 |  1.64658 |

QUICK SORT table
| starting array  |    10000 |    15000 |    20000 |    25000 |    30000 |    35000 |    40000 |    45000 |    50000 |
|-----------------+----------+----------+----------+----------+----------+----------+----------+----------+----------|
| random          |  0.75806 |  1.24455 |  1.62373 |  2.00637 |  2.47596 |  2.99365 |  3.53012 |  3.94141 |  4.27886 |
| ordered         |  0.60879 |  0.92861 |  1.24568 |  1.54356 |  1.86339 |  2.16488 |  2.45648 |  2.73922 |  3.01616 |
| reversed        |  0.53929 |  0.85715 |  1.20306 |  1.56051 |  1.86385 |  2.16540 |  2.45688 |  2.73925 |  3.01685 |
| almost ordered  |  0.61931 |  0.97305 |  1.27779 |  1.61386 |  2.03838 |  2.23999 |  2.59535 |  2.86549 |  3.22608 |
| almost reversed |  0.66222 |  1.00916 |  1.43760 |  1.77647 |  2.23106 |  2.58918 |  3.05852 |  3.78965 |  3.83142 |

BUCKET SORT table
| starting array  |    10000 |    15000 |    20000 |    25000 |    30000 |    35000 |    40000 |    45000 |    50000 |
|-----------------+----------+----------+----------+----------+----------+----------+----------+----------+----------|
| random          |  0.04527 |  0.05363 |  0.06079 |  0.06680 |  0.07304 |  0.07967 |  0.08549 |  0.09183 |  0.09849 |
| ordered         |  0.04701 |  0.05211 |  0.05675 |  0.06160 |  0.06649 |  0.07132 |  0.07615 |  0.08090 |  0.08596 |
| reversed        |  0.04726 |  0.05242 |  0.05723 |  0.06196 |  0.06693 |  0.07193 |  0.07691 |  0.08171 |  0.08738 |
| almost ordered  |  0.04776 |  0.05309 |  0.05810 |  0.06322 |  0.06859 |  0.07381 |  0.07901 |  0.08449 |  0.09073 |
| almost reversed |  0.04770 |  0.05339 |  0.05833 |  0.06340 |  0.06873 |  0.07404 |  0.07940 |  0.08472 |  0.09057 |

