MIN: 0
MAX: 100000
CMP: 100

TIM SORT table
| starting array  |    10000 |    15000 |    20000 |    25000 |    30000 |    35000 |    40000 |    45000 |    50000 |
|-----------------+----------+----------+----------+----------+----------+----------+----------+----------+----------|
| random          |  0.08212 |  0.12341 |  0.16958 |  0.21683 |  0.26497 |  0.31473 |  0.36227 |  0.41129 |  0.46190 |
| ordered         |  0.00511 |  0.00761 |  0.01026 |  0.01269 |  0.01511 |  0.01819 |  0.02064 |  0.02258 |  0.02541 |
| reversed        |  0.00539 |  0.00825 |  0.01094 |  0.01370 |  0.01639 |  0.01951 |  0.02176 |  0.02462 |  0.02720 |
| almost ordered  |  0.04681 |  0.07383 |  0.09660 |  0.12545 |  0.15324 |  0.17272 |  0.20008 |  0.22691 |  0.25771 |
| almost reversed |  0.05213 |  0.08828 |  0.10813 |  0.14041 |  0.17650 |  0.19230 |  0.22186 |  0.25579 |  0.29061 |

QUICK SORT table
| starting array  |    10000 |    15000 |    20000 |    25000 |    30000 |    35000 |    40000 |    45000 |    50000 |
|-----------------+----------+----------+----------+----------+----------+----------+----------+----------+----------|
| random          |  0.08400 |  0.13286 |  0.17583 |  0.23783 |  0.29674 |  0.34762 |  0.39140 |  0.42811 |  0.48519 |
| ordered         |  0.06851 |  0.10429 |  0.13958 |  0.17257 |  0.20810 |  0.24029 |  0.27232 |  0.30266 |  0.33458 |
| reversed        |  0.06053 |  0.09757 |  0.13449 |  0.17444 |  0.20770 |  0.24141 |  0.27278 |  0.30288 |  0.33357 |
| almost ordered  |  0.06856 |  0.10777 |  0.14430 |  0.17832 |  0.21639 |  0.25399 |  0.28227 |  0.31650 |  0.34711 |
| almost reversed |  0.07606 |  0.12275 |  0.17477 |  0.22288 |  0.27301 |  0.29123 |  0.33502 |  0.37627 |  0.47774 |

BUCKET SORT table
| starting array  |    10000 |    15000 |    20000 |    25000 |    30000 |    35000 |    40000 |    45000 |    50000 |
|-----------------+----------+----------+----------+----------+----------+----------+----------+----------+----------|
| random          |  0.04534 |  0.05540 |  0.06116 |  0.06710 |  0.07709 |  0.07957 |  0.08551 |  0.09515 |  0.09960 |
| ordered         |  0.04730 |  0.05289 |  0.05715 |  0.06152 |  0.06732 |  0.07156 |  0.07613 |  0.08071 |  0.08651 |
| reversed        |  0.04731 |  0.05332 |  0.05717 |  0.06190 |  0.06687 |  0.07193 |  0.07691 |  0.08184 |  0.08782 |
| almost ordered  |  0.04773 |  0.05301 |  0.05809 |  0.06317 |  0.06853 |  0.07375 |  0.07905 |  0.08467 |  0.09082 |
| almost reversed |  0.04771 |  0.05303 |  0.05812 |  0.06335 |  0.06873 |  0.07408 |  0.07944 |  0.08461 |  0.09047 |

