** Same
MIN: 0
MAX: 1
CMP: 0

TIM SORT table
| starting array  |    10000 |    15000 |    20000 |    25000 |    30000 |    35000 |    40000 |    45000 |    50000 |
|-----------------+----------+----------+----------+----------+----------+----------+----------+----------+----------|
| random          |  0.00659 |  0.01023 |  0.01335 |  0.01706 |  0.02095 |  0.02384 |  0.02737 |  0.03120 |  0.03494 |
| ordered         |  0.00060 |  0.00089 |  0.00119 |  0.00149 |  0.00178 |  0.00209 |  0.00236 |  0.00266 |  0.00297 |
| reversed        |  0.00061 |  0.00090 |  0.00121 |  0.00150 |  0.00180 |  0.00210 |  0.00238 |  0.00269 |  0.00300 |
| almost ordered  |  0.00059 |  0.00089 |  0.00119 |  0.00148 |  0.00178 |  0.00206 |  0.00237 |  0.00268 |  0.00296 |
| almost reversed |  0.00061 |  0.00092 |  0.00120 |  0.00149 |  0.00180 |  0.00210 |  0.00239 |  0.00268 |  0.00298 |

QUICK SORT table
| starting array  |    10000 |    15000 |    20000 |    25000 |    30000 |    35000 |    40000 |    45000 |    50000 |
|-----------------+----------+----------+----------+----------+----------+----------+----------+----------+----------|
| random          |  0.00381 |  0.00629 |  0.00790 |  0.01018 |  0.01305 |  0.01432 |  0.01654 |  0.01798 |  0.02162 |
| ordered         |  0.00394 |  0.00514 |  0.00823 |  0.00964 |  0.01077 |  0.01597 |  0.01712 |  0.01838 |  0.02012 |
| reversed        |  0.00394 |  0.00513 |  0.00823 |  0.00965 |  0.01077 |  0.01597 |  0.01712 |  0.01837 |  0.02013 |
| almost ordered  |  0.00395 |  0.00513 |  0.00822 |  0.00964 |  0.01078 |  0.01598 |  0.01713 |  0.01837 |  0.02012 |
| almost reversed |  0.00395 |  0.00513 |  0.00822 |  0.00965 |  0.01077 |  0.01598 |  0.01712 |  0.01837 |  0.02012 |

INSERTION SORT table
| starting array  |    10000 |    15000 |    20000 |    25000 |    30000 |    35000 |    40000 |    45000 |    50000 |
|-----------------+----------+----------+----------+----------+----------+----------+----------+----------+----------|
| random          |  0.33642 |  0.76108 |  1.35169 |  2.13366 |  3.06614 |  4.17724 |  5.41983 |  6.89545 |  8.53818 |
| ordered         |  0.00018 |  0.00027 |  0.00036 |  0.00045 |  0.00054 |  0.00063 |  0.00072 |  0.00081 |  0.00089 |
| reversed        |  0.00043 |  0.00065 |  0.00086 |  0.00109 |  0.00129 |  0.00152 |  0.00173 |  0.00194 |  0.00216 |
| almost ordered  |  0.00018 |  0.00027 |  0.00036 |  0.00045 |  0.00054 |  0.00063 |  0.00072 |  0.00080 |  0.00089 |
| almost reversed |  0.00043 |  0.00065 |  0.00086 |  0.00108 |  0.00129 |  0.00152 |  0.00173 |  0.00195 |  0.00216 |

COCKTAIL SORT table
| starting array  |    10000 |    15000 |    20000 |    25000 |    30000 |    35000 |    40000 |    45000 |    50000 |
|-----------------+----------+----------+----------+----------+----------+----------+----------+----------+----------|
| random          |  0.86459 |  1.94578 |  3.41751 |  5.33310 |  7.68455 | 10.49852 | 13.56216 | 17.39518 | 21.34911 |
| ordered         |  0.00034 |  0.00050 |  0.00067 |  0.00084 |  0.00100 |  0.00118 |  0.00134 |  0.00150 |  0.00168 |
| reversed        |  0.00046 |  0.00069 |  0.00092 |  0.00115 |  0.00138 |  0.00161 |  0.00184 |  0.00207 |  0.00230 |
| almost ordered  |  0.00034 |  0.00050 |  0.00068 |  0.00084 |  0.00101 |  0.00117 |  0.00134 |  0.00151 |  0.00168 |
| almost reversed |  0.00046 |  0.00069 |  0.00092 |  0.00115 |  0.00138 |  0.00161 |  0.00184 |  0.00207 |  0.00230 |

BUCKET SORT table
| starting array  |    10000 |    15000 |    20000 |    25000 |    30000 |    35000 |    40000 |    45000 |    50000 |
|-----------------+----------+----------+----------+----------+----------+----------+----------+----------+----------|
| random          |  0.00078 |  0.00115 |  0.00153 |  0.00189 |  0.00227 |  0.00275 |  0.00324 |  0.00354 |  0.00393 |
| ordered         |  0.00078 |  0.00113 |  0.00153 |  0.00189 |  0.00228 |  0.00275 |  0.00318 |  0.00359 |  0.00398 |
| reversed        |  0.00076 |  0.00114 |  0.00153 |  0.00190 |  0.00228 |  0.00275 |  0.00318 |  0.00357 |  0.00397 |
| almost ordered  |  0.00076 |  0.00113 |  0.00153 |  0.00189 |  0.00228 |  0.00275 |  0.00318 |  0.00356 |  0.00394 |
| almost reversed |  0.00078 |  0.00113 |  0.00153 |  0.00189 |  0.00228 |  0.00275 |  0.00321 |  0.00362 |  0.00398 |

MIN: 0
MAX: 1
CMP: 1000

TIM SORT table
| starting array  |    10000 |    15000 |    20000 |    25000 |    30000 |    35000 |    40000 |    45000 |    50000 |
|-----------------+----------+----------+----------+----------+----------+----------+----------+----------+----------|
| random          |  0.12024 |  0.17532 |  0.23667 |  0.29515 |  0.35161 |  0.41386 |  0.47435 |  0.53349 |  0.59076 |
| ordered         |  0.02405 |  0.03588 |  0.04805 |  0.06009 |  0.07208 |  0.08407 |  0.09611 |  0.10815 |  0.12014 |
| reversed        |  0.02415 |  0.03628 |  0.04819 |  0.06027 |  0.07233 |  0.08425 |  0.09623 |  0.10833 |  0.12030 |
| almost ordered  |  0.02403 |  0.03605 |  0.04806 |  0.06006 |  0.07209 |  0.08417 |  0.09610 |  0.10811 |  0.12012 |
| almost reversed |  0.02416 |  0.03621 |  0.04817 |  0.06023 |  0.07226 |  0.08423 |  0.09625 |  0.10830 |  0.12037 |

QUICK SORT table
| starting array  |    10000 |    15000 |    20000 |    25000 |    30000 |    35000 |    40000 |    45000 |    50000 |
|-----------------+----------+----------+----------+----------+----------+----------+----------+----------+----------|
| random          |  0.41781 |  0.65035 |  0.84774 |  1.11419 |  1.29319 |  1.61600 |  1.83712 |  2.00998 |  2.34387 |
| ordered         |  0.41700 |  0.58336 |  0.88158 |  1.07570 |  1.23664 |  1.69430 |  1.85592 |  2.03308 |  2.26735 |
| reversed        |  0.41677 |  0.58274 |  0.88080 |  1.07463 |  1.23648 |  1.69422 |  1.85601 |  2.03296 |  2.26727 |
| almost ordered  |  0.41678 |  0.58297 |  0.88106 |  1.07507 |  1.23700 |  1.69480 |  1.85669 |  2.03405 |  2.26793 |
| almost reversed |  0.41674 |  0.58269 |  0.88062 |  1.07471 |  1.23628 |  1.69428 |  1.85617 |  2.03312 |  2.26722 |

BUCKET SORT table
| starting array  |    10000 |    15000 |    20000 |    25000 |    30000 |    35000 |    40000 |    45000 |    50000 |
|-----------------+----------+----------+----------+----------+----------+----------+----------+----------+----------|
| random          |  0.00079 |  0.00114 |  0.00153 |  0.00190 |  0.00230 |  0.00275 |  0.00322 |  0.00358 |  0.00398 |
| ordered         |  0.00078 |  0.00115 |  0.00157 |  0.00192 |  0.00227 |  0.00274 |  0.00318 |  0.00355 |  0.00395 |
| reversed        |  0.00078 |  0.00113 |  0.00153 |  0.00189 |  0.00228 |  0.00276 |  0.00318 |  0.00355 |  0.00397 |
| almost ordered  |  0.00076 |  0.00114 |  0.00153 |  0.00190 |  0.00229 |  0.00275 |  0.00317 |  0.00358 |  0.00401 |
| almost reversed |  0.00076 |  0.00113 |  0.00154 |  0.00190 |  0.00228 |  0.00276 |  0.00318 |  0.00357 |  0.00396 |

MIN: 0
MAX: 1
CMP: 100

TIM SORT table
| starting array  |    10000 |    15000 |    20000 |    25000 |    30000 |    35000 |    40000 |    45000 |    50000 |
|-----------------+----------+----------+----------+----------+----------+----------+----------+----------+----------|
| random          |  0.01879 |  0.02814 |  0.03760 |  0.04708 |  0.05679 |  0.06631 |  0.07586 |  0.08525 |  0.09496 |
| ordered         |  0.00309 |  0.00460 |  0.00618 |  0.00769 |  0.00908 |  0.01074 |  0.01225 |  0.01376 |  0.01543 |
| reversed        |  0.00314 |  0.00459 |  0.00619 |  0.00769 |  0.00925 |  0.01067 |  0.01231 |  0.01381 |  0.01537 |
| almost ordered  |  0.00307 |  0.00461 |  0.00609 |  0.00775 |  0.00922 |  0.01080 |  0.01226 |  0.01370 |  0.01512 |
| almost reversed |  0.00311 |  0.00463 |  0.00617 |  0.00766 |  0.00915 |  0.01078 |  0.01215 |  0.01374 |  0.01530 |

QUICK SORT table
| starting array  |    10000 |    15000 |    20000 |    25000 |    30000 |    35000 |    40000 |    45000 |    50000 |
|-----------------+----------+----------+----------+----------+----------+----------+----------+----------+----------|
| random          |  0.04749 |  0.07554 |  0.09503 |  0.12793 |  0.15375 |  0.17911 |  0.20008 |  0.22748 |  0.26539 |
| ordered         |  0.04736 |  0.06588 |  0.10006 |  0.12169 |  0.13967 |  0.19248 |  0.21061 |  0.23032 |  0.25649 |
| reversed        |  0.04737 |  0.06591 |  0.10001 |  0.12168 |  0.13972 |  0.19248 |  0.21046 |  0.23009 |  0.25633 |
| almost ordered  |  0.04733 |  0.06589 |  0.10001 |  0.12162 |  0.13969 |  0.19252 |  0.21064 |  0.23034 |  0.25645 |
| almost reversed |  0.04732 |  0.06587 |  0.09990 |  0.12159 |  0.13984 |  0.19332 |  0.21189 |  0.23134 |  0.25750 |

BUCKET SORT table
| starting array  |    10000 |    15000 |    20000 |    25000 |    30000 |    35000 |    40000 |    45000 |    50000 |
|-----------------+----------+----------+----------+----------+----------+----------+----------+----------+----------|
| random          |  0.00080 |  0.00114 |  0.00154 |  0.00192 |  0.00231 |  0.00276 |  0.00330 |  0.00363 |  0.00404 |
| ordered         |  0.00079 |  0.00117 |  0.00160 |  0.00192 |  0.00230 |  0.00278 |  0.00327 |  0.00360 |  0.00399 |
| reversed        |  0.00077 |  0.00113 |  0.00154 |  0.00189 |  0.00229 |  0.00278 |  0.00325 |  0.00358 |  0.00400 |
| almost ordered  |  0.00078 |  0.00113 |  0.00154 |  0.00190 |  0.00229 |  0.00280 |  0.00319 |  0.00358 |  0.00396 |
| almost reversed |  0.00076 |  0.00114 |  0.00154 |  0.00191 |  0.00231 |  0.00276 |  0.00320 |  0.00357 |  0.00395 |

MIN: 0
MAX: 1
CMP: 10

TIM SORT table
| starting array  |    10000 |    15000 |    20000 |    25000 |    30000 |    35000 |    40000 |    45000 |    50000 |
|-----------------+----------+----------+----------+----------+----------+----------+----------+----------+----------|
| random          |  0.01777 |  0.01391 |  0.01633 |  0.02062 |  0.02541 |  0.02894 |  0.03327 |  0.03780 |  0.04216 |
| ordered         |  0.00083 |  0.00125 |  0.00166 |  0.00208 |  0.00249 |  0.00288 |  0.00333 |  0.00372 |  0.00415 |
| reversed        |  0.00084 |  0.00127 |  0.00168 |  0.00210 |  0.00250 |  0.00292 |  0.00335 |  0.00375 |  0.00417 |
| almost ordered  |  0.00083 |  0.00124 |  0.00166 |  0.00209 |  0.00248 |  0.00291 |  0.00330 |  0.00373 |  0.00413 |
| almost reversed |  0.00094 |  0.00126 |  0.00167 |  0.00209 |  0.00252 |  0.00290 |  0.00335 |  0.00374 |  0.00419 |

QUICK SORT table
| starting array  |    10000 |    15000 |    20000 |    25000 |    30000 |    35000 |    40000 |    45000 |    50000 |
|-----------------+----------+----------+----------+----------+----------+----------+----------+----------+----------|
| random          |  0.00834 |  0.01277 |  0.01808 |  0.02367 |  0.02861 |  0.03308 |  0.03827 |  0.04127 |  0.04915 |
| ordered         |  0.00884 |  0.01221 |  0.01862 |  0.02261 |  0.02580 |  0.03599 |  0.03906 |  0.04281 |  0.04749 |
| reversed        |  0.00885 |  0.01219 |  0.01862 |  0.02268 |  0.02587 |  0.03592 |  0.03919 |  0.04285 |  0.04762 |
| almost ordered  |  0.00886 |  0.01220 |  0.01866 |  0.02261 |  0.02577 |  0.03594 |  0.03919 |  0.04273 |  0.04763 |
| almost reversed |  0.00886 |  0.01219 |  0.01862 |  0.02260 |  0.02581 |  0.03590 |  0.03912 |  0.04269 |  0.04754 |

BUCKET SORT table
| starting array  |    10000 |    15000 |    20000 |    25000 |    30000 |    35000 |    40000 |    45000 |    50000 |
|-----------------+----------+----------+----------+----------+----------+----------+----------+----------+----------|
| random          |  0.00080 |  0.00115 |  0.00154 |  0.00191 |  0.00229 |  0.00276 |  0.00321 |  0.00366 |  0.00401 |
| ordered         |  0.00078 |  0.00117 |  0.00156 |  0.00192 |  0.00230 |  0.00275 |  0.00318 |  0.00359 |  0.00397 |
| reversed        |  0.00076 |  0.00114 |  0.00155 |  0.00191 |  0.00229 |  0.00274 |  0.00320 |  0.00358 |  0.00394 |
| almost ordered  |  0.00085 |  0.00114 |  0.00155 |  0.00191 |  0.00227 |  0.00278 |  0.00320 |  0.00357 |  0.00397 |
| almost reversed |  0.00077 |  0.00115 |  0.00153 |  0.00189 |  0.00229 |  0.00276 |  0.00317 |  0.00357 |  0.00396 |

** Negative
MIN: -1000
MAX: 1000
CMP: 0

TIM SORT table
| starting array  |    10000 |    15000 |    20000 |    25000 |    30000 |    35000 |    40000 |    45000 |    50000 |
|-----------------+----------+----------+----------+----------+----------+----------+----------+----------+----------|
| random          |  0.01592 |  0.02515 |  0.03372 |  0.04314 |  0.05352 |  0.06203 |  0.07138 |  0.08097 |  0.09082 |
| ordered         |  0.00059 |  0.00089 |  0.00119 |  0.00150 |  0.00179 |  0.00208 |  0.00238 |  0.00268 |  0.00297 |
| reversed        |  0.00060 |  0.00089 |  0.00120 |  0.00148 |  0.00186 |  0.00210 |  0.00236 |  0.00268 |  0.00297 |
| almost ordered  |  0.00059 |  0.00089 |  0.00120 |  0.00150 |  0.00178 |  0.00208 |  0.00238 |  0.00268 |  0.00296 |
| almost reversed |  0.00059 |  0.00089 |  0.00120 |  0.00149 |  0.00178 |  0.00209 |  0.00239 |  0.00268 |  0.00297 |

QUICK SORT table
| starting array  |    10000 |    15000 |    20000 |    25000 |    30000 |    35000 |    40000 |    45000 |    50000 |
|-----------------+----------+----------+----------+----------+----------+----------+----------+----------+----------|
| random          |  0.00384 |  0.00604 |  0.00853 |  0.01057 |  0.01301 |  0.01590 |  0.01744 |  0.01955 |  0.02276 |
| ordered         |  0.00397 |  0.00514 |  0.00825 |  0.00968 |  0.01080 |  0.01602 |  0.01718 |  0.01846 |  0.02019 |
| reversed        |  0.00395 |  0.00516 |  0.00825 |  0.00968 |  0.01081 |  0.01602 |  0.01724 |  0.01841 |  0.02019 |
| almost ordered  |  0.00395 |  0.00516 |  0.00824 |  0.00967 |  0.01079 |  0.01603 |  0.01716 |  0.01844 |  0.02017 |
| almost reversed |  0.00397 |  0.00514 |  0.00826 |  0.00968 |  0.01080 |  0.01606 |  0.01718 |  0.01842 |  0.02020 |

INSERTION SORT table
| starting array  |    10000 |    15000 |    20000 |    25000 |    30000 |    35000 |    40000 |    45000 |    50000 |
|-----------------+----------+----------+----------+----------+----------+----------+----------+----------+----------|
| random          |  0.67912 |  1.54059 |  2.74373 |  4.27656 |  6.16154 |  8.35826 | 10.92970 | 13.79925 | 17.18259 |
| ordered         |  0.00018 |  0.00027 |  0.00036 |  0.00045 |  0.00054 |  0.00063 |  0.00072 |  0.00081 |  0.00090 |
| reversed        |  0.00018 |  0.00027 |  0.00036 |  0.00045 |  0.00054 |  0.00063 |  0.00072 |  0.00080 |  0.00089 |
| almost ordered  |  0.00018 |  0.00027 |  0.00036 |  0.00045 |  0.00054 |  0.00064 |  0.00072 |  0.00081 |  0.00090 |
| almost reversed |  0.00018 |  0.00027 |  0.00036 |  0.00045 |  0.00054 |  0.00063 |  0.00072 |  0.00081 |  0.00089 |

COCKTAIL SORT table
| starting array  |    10000 |    15000 |    20000 |    25000 |    30000 |    35000 |    40000 |    45000 |    50000 |
|-----------------+----------+----------+----------+----------+----------+----------+----------+----------+----------|
| random          |  0.99528 |  2.23599 |  3.94183 |  6.21315 |  8.92217 | 12.15228 | 15.93836 | 19.94796 | 24.81513 |
| ordered         |  0.00034 |  0.00050 |  0.00067 |  0.00084 |  0.00102 |  0.00118 |  0.00135 |  0.00150 |  0.00167 |
| reversed        |  0.00034 |  0.00050 |  0.00067 |  0.00084 |  0.00102 |  0.00118 |  0.00136 |  0.00150 |  0.00167 |
| almost ordered  |  0.00034 |  0.00050 |  0.00067 |  0.00084 |  0.00101 |  0.00118 |  0.00134 |  0.00150 |  0.00168 |
| almost reversed |  0.00034 |  0.00051 |  0.00067 |  0.00085 |  0.00100 |  0.00118 |  0.00134 |  0.00152 |  0.00168 |

BUCKET SORT table
| starting array  |    10000 |    15000 |    20000 |    25000 |    30000 |    35000 |    40000 |    45000 |    50000 |
|-----------------+----------+----------+----------+----------+----------+----------+----------+----------+----------|
| random          |  0.00426 |  0.00536 |  0.00627 |  0.00717 |  0.00779 |  0.00855 |  0.00945 |  0.01003 |  0.01063 |
| ordered         |  0.00124 |  0.00159 |  0.00209 |  0.00250 |  0.00280 |  0.00340 |  0.00374 |  0.00414 |  0.00451 |
| reversed        |  0.00121 |  0.00161 |  0.00200 |  0.00252 |  0.00277 |  0.00341 |  0.00375 |  0.00409 |  0.00453 |
| almost ordered  |  0.00122 |  0.00161 |  0.00199 |  0.00249 |  0.00279 |  0.00341 |  0.00370 |  0.00411 |  0.00452 |
| almost reversed |  0.00122 |  0.00160 |  0.00202 |  0.00248 |  0.00284 |  0.00341 |  0.00370 |  0.00411 |  0.00454 |

MIN: -1000
MAX: 1000
CMP: 1000

TIM SORT table
| starting array  |    10000 |    15000 |    20000 |    25000 |    30000 |    35000 |    40000 |    45000 |    50000 |
|-----------------+----------+----------+----------+----------+----------+----------+----------+----------+----------|
| random          |  0.30883 |  0.47970 |  0.66456 |  0.84698 |  1.03395 |  1.24081 |  1.42374 |  1.60874 |  1.79746 |
| ordered         |  0.02399 |  0.03598 |  0.04804 |  0.05997 |  0.07203 |  0.08406 |  0.09601 |  0.10805 |  0.12001 |
| reversed        |  0.02400 |  0.03603 |  0.04796 |  0.05999 |  0.07202 |  0.08400 |  0.09603 |  0.10805 |  0.12003 |
| almost ordered  |  0.02400 |  0.03599 |  0.04802 |  0.05998 |  0.07201 |  0.08403 |  0.09605 |  0.10801 |  0.12007 |
| almost reversed |  0.02400 |  0.03603 |  0.04798 |  0.06003 |  0.07201 |  0.08398 |  0.09604 |  0.10805 |  0.12008 |

QUICK SORT table
| starting array  |    10000 |    15000 |    20000 |    25000 |    30000 |    35000 |    40000 |    45000 |    50000 |
|-----------------+----------+----------+----------+----------+----------+----------+----------+----------+----------|
| random          |  0.45723 |  0.72694 |  0.97624 |  1.27027 |  1.51419 |  1.86161 |  2.14352 |  2.47004 |  2.64225 |
| ordered         |  0.41900 |  0.58440 |  0.88328 |  1.07760 |  1.23985 |  1.69883 |  1.86118 |  2.03889 |  2.27367 |
| reversed        |  0.41800 |  0.58431 |  0.88382 |  1.07844 |  1.24061 |  1.69996 |  1.86187 |  2.03879 |  2.27387 |
| almost ordered  |  0.41796 |  0.58437 |  0.88356 |  1.07766 |  1.23990 |  1.69914 |  1.86149 |  2.03870 |  2.27363 |
| almost reversed |  0.41800 |  0.58442 |  0.88348 |  1.07769 |  1.23985 |  1.69901 |  1.86158 |  2.03876 |  2.27368 |

BUCKET SORT table
| starting array  |    10000 |    15000 |    20000 |    25000 |    30000 |    35000 |    40000 |    45000 |    50000 |
|-----------------+----------+----------+----------+----------+----------+----------+----------+----------+----------|
| random          |  0.00427 |  0.00535 |  0.00623 |  0.00715 |  0.00777 |  0.00853 |  0.00940 |  0.00996 |  0.01056 |
| ordered         |  0.00122 |  0.00161 |  0.00200 |  0.00249 |  0.00280 |  0.00341 |  0.00375 |  0.00414 |  0.00453 |
| reversed        |  0.00121 |  0.00160 |  0.00202 |  0.00251 |  0.00277 |  0.00341 |  0.00374 |  0.00421 |  0.00453 |
| almost ordered  |  0.00122 |  0.00159 |  0.00200 |  0.00249 |  0.00279 |  0.00339 |  0.00370 |  0.00415 |  0.00450 |
| almost reversed |  0.00124 |  0.00160 |  0.00201 |  0.00250 |  0.00277 |  0.00343 |  0.00375 |  0.00412 |  0.00453 |

MIN: -1000
MAX: 1000
CMP: 100

TIM SORT table
| starting array  |    10000 |    15000 |    20000 |    25000 |    30000 |    35000 |    40000 |    45000 |    50000 |
|-----------------+----------+----------+----------+----------+----------+----------+----------+----------+----------|
| random          |  0.04698 |  0.07330 |  0.10078 |  0.12875 |  0.15833 |  0.18776 |  0.21541 |  0.24361 |  0.27240 |
| ordered         |  0.00296 |  0.00443 |  0.00615 |  0.00750 |  0.00922 |  0.01062 |  0.01218 |  0.01379 |  0.01515 |
| reversed        |  0.00301 |  0.00462 |  0.00615 |  0.00763 |  0.00922 |  0.01037 |  0.01223 |  0.01384 |  0.01523 |
| almost ordered  |  0.00308 |  0.00461 |  0.00601 |  0.00766 |  0.00918 |  0.01072 |  0.01221 |  0.01368 |  0.01534 |
| almost reversed |  0.00308 |  0.00461 |  0.00615 |  0.00757 |  0.00910 |  0.01076 |  0.01229 |  0.01382 |  0.01521 |

QUICK SORT table
| starting array  |    10000 |    15000 |    20000 |    25000 |    30000 |    35000 |    40000 |    45000 |    50000 |
|-----------------+----------+----------+----------+----------+----------+----------+----------+----------+----------|
| random          |  0.05452 |  0.07824 |  0.11190 |  0.14315 |  0.17068 |  0.20307 |  0.24265 |  0.26066 |  0.29803 |
| ordered         |  0.04724 |  0.06577 |  0.09972 |  0.12151 |  0.13949 |  0.19218 |  0.21005 |  0.22977 |  0.25641 |
| reversed        |  0.04729 |  0.06568 |  0.09995 |  0.12198 |  0.14007 |  0.19220 |  0.21011 |  0.23030 |  0.25707 |
| almost ordered  |  0.04739 |  0.06579 |  0.10008 |  0.12177 |  0.14017 |  0.19366 |  0.21065 |  0.23025 |  0.25668 |
| almost reversed |  0.04731 |  0.06584 |  0.09996 |  0.12141 |  0.14013 |  0.19274 |  0.21016 |  0.23061 |  0.25701 |

BUCKET SORT table
| starting array  |    10000 |    15000 |    20000 |    25000 |    30000 |    35000 |    40000 |    45000 |    50000 |
|-----------------+----------+----------+----------+----------+----------+----------+----------+----------+----------|
| random          |  0.00424 |  0.00532 |  0.00624 |  0.00715 |  0.00775 |  0.00854 |  0.00939 |  0.00992 |  0.01053 |
| ordered         |  0.00121 |  0.00160 |  0.00202 |  0.00251 |  0.00277 |  0.00343 |  0.00371 |  0.00410 |  0.00453 |
| reversed        |  0.00121 |  0.00160 |  0.00200 |  0.00248 |  0.00277 |  0.00337 |  0.00370 |  0.00412 |  0.00450 |
| almost ordered  |  0.00121 |  0.00159 |  0.00200 |  0.00249 |  0.00277 |  0.00337 |  0.00371 |  0.00408 |  0.00449 |
| almost reversed |  0.00121 |  0.00159 |  0.00200 |  0.00248 |  0.00277 |  0.00337 |  0.00373 |  0.00412 |  0.00450 |

MIN: -1000
MAX: 1000
CMP: 10

TIM SORT table
| starting array  |    10000 |    15000 |    20000 |    25000 |    30000 |    35000 |    40000 |    45000 |    50000 |
|-----------------+----------+----------+----------+----------+----------+----------+----------+----------+----------|
| random          |  0.03215 |  0.03020 |  0.04084 |  0.05229 |  0.06442 |  0.07550 |  0.08669 |  0.09825 |  0.11007 |
| ordered         |  0.00083 |  0.00124 |  0.00166 |  0.00207 |  0.00247 |  0.00289 |  0.00330 |  0.00372 |  0.00414 |
| reversed        |  0.00083 |  0.00125 |  0.00166 |  0.00207 |  0.00248 |  0.00289 |  0.00330 |  0.00372 |  0.00413 |
| almost ordered  |  0.00083 |  0.00125 |  0.00166 |  0.00207 |  0.00249 |  0.00290 |  0.00331 |  0.00372 |  0.00413 |
| almost reversed |  0.00083 |  0.00124 |  0.00165 |  0.00207 |  0.00248 |  0.00289 |  0.00331 |  0.00372 |  0.00413 |

QUICK SORT table
| starting array  |    10000 |    15000 |    20000 |    25000 |    30000 |    35000 |    40000 |    45000 |    50000 |
|-----------------+----------+----------+----------+----------+----------+----------+----------+----------+----------|
| random          |  0.00904 |  0.01493 |  0.02013 |  0.02415 |  0.03003 |  0.03435 |  0.04041 |  0.04660 |  0.05368 |
| ordered         |  0.00883 |  0.01216 |  0.01857 |  0.02261 |  0.02571 |  0.03589 |  0.03901 |  0.04260 |  0.04739 |
| reversed        |  0.00883 |  0.01216 |  0.01857 |  0.02260 |  0.02569 |  0.03583 |  0.03900 |  0.04262 |  0.04745 |
| almost ordered  |  0.00882 |  0.01216 |  0.01857 |  0.02253 |  0.02569 |  0.03581 |  0.03898 |  0.04262 |  0.04747 |
| almost reversed |  0.00884 |  0.01216 |  0.01858 |  0.02254 |  0.02569 |  0.03581 |  0.03896 |  0.04262 |  0.04743 |

BUCKET SORT table
| starting array  |    10000 |    15000 |    20000 |    25000 |    30000 |    35000 |    40000 |    45000 |    50000 |
|-----------------+----------+----------+----------+----------+----------+----------+----------+----------+----------|
| random          |  0.00425 |  0.00530 |  0.00623 |  0.00714 |  0.00774 |  0.00853 |  0.00937 |  0.00993 |  0.01052 |
| ordered         |  0.00122 |  0.00159 |  0.00202 |  0.00248 |  0.00277 |  0.00336 |  0.00369 |  0.00416 |  0.00450 |
| reversed        |  0.00123 |  0.00159 |  0.00201 |  0.00252 |  0.00277 |  0.00339 |  0.00370 |  0.00411 |  0.00450 |
| almost ordered  |  0.00122 |  0.00159 |  0.00199 |  0.00248 |  0.00277 |  0.00337 |  0.00370 |  0.00410 |  0.00449 |
| almost reversed |  0.00123 |  0.00159 |  0.00199 |  0.00248 |  0.00277 |  0.00337 |  0.00369 |  0.00410 |  0.00449 |

** Wide
MIN: 0
MAX: 100000
CMP: 0

TIM SORT table
| starting array  |    10000 |    15000 |    20000 |    25000 |    30000 |    35000 |    40000 |    45000 |    50000 |
|-----------------+----------+----------+----------+----------+----------+----------+----------+----------+----------|
| random          |  0.02755 |  0.02510 |  0.03377 |  0.04332 |  0.05336 |  0.06221 |  0.07175 |  0.08164 |  0.09191 |
| ordered         |  0.00059 |  0.00089 |  0.00119 |  0.00149 |  0.00178 |  0.00208 |  0.00242 |  0.00266 |  0.00299 |
| reversed        |  0.00082 |  0.00123 |  0.00164 |  0.00205 |  0.00246 |  0.00288 |  0.00330 |  0.00369 |  0.00410 |
| almost ordered  |  0.00971 |  0.01527 |  0.02033 |  0.02580 |  0.03179 |  0.03644 |  0.04239 |  0.04769 |  0.05384 |
| almost reversed |  0.01231 |  0.02144 |  0.02576 |  0.03422 |  0.04398 |  0.04488 |  0.05306 |  0.06122 |  0.07083 |

QUICK SORT table
| starting array  |    10000 |    15000 |    20000 |    25000 |    30000 |    35000 |    40000 |    45000 |    50000 |
|-----------------+----------+----------+----------+----------+----------+----------+----------+----------+----------|
| random          |  0.00360 |  0.00572 |  0.00765 |  0.00948 |  0.01166 |  0.01467 |  0.01601 |  0.01847 |  0.02112 |
| ordered         |  0.00263 |  0.00398 |  0.00520 |  0.00635 |  0.00759 |  0.00862 |  0.00955 |  0.01058 |  0.01147 |
| reversed        |  0.00222 |  0.00356 |  0.00500 |  0.00658 |  0.00772 |  0.00879 |  0.00975 |  0.01080 |  0.01170 |
| almost ordered  |  0.00282 |  0.00425 |  0.00564 |  0.00693 |  0.00821 |  0.00949 |  0.01059 |  0.01165 |  0.01264 |
| almost reversed |  0.00329 |  0.00508 |  0.00692 |  0.00811 |  0.00983 |  0.01164 |  0.01350 |  0.01526 |  0.01703 |

INSERTION SORT table
| starting array  |    10000 |    15000 |    20000 |    25000 |    30000 |    35000 |    40000 |    45000 |    50000 |
|-----------------+----------+----------+----------+----------+----------+----------+----------+----------+----------|
| random          |  0.68587 |  1.53718 |  2.72204 |  4.24889 |  6.15203 |  8.26614 | 10.96426 | 13.76234 | 16.99999 |
| ordered         |  0.00018 |  0.00027 |  0.00036 |  0.00045 |  0.00054 |  0.00063 |  0.00072 |  0.00080 |  0.00089 |
| reversed        |  1.36056 |  3.06260 |  5.44526 |  8.50883 | 12.25308 | 16.67826 | 21.78445 | 27.57079 | 34.04131 |
| almost ordered  |  0.15443 |  0.35004 |  0.62315 |  0.99479 |  1.37391 |  1.92823 |  2.48026 |  3.17534 |  3.95237 |
| almost reversed |  1.20087 |  2.69540 |  4.81020 |  7.51934 | 10.86007 | 14.74847 | 19.26188 | 24.39250 | 30.19678 |

COCKTAIL SORT table
| starting array  |    10000 |    15000 |    20000 |    25000 |    30000 |    35000 |    40000 |    45000 |    50000 |
|-----------------+----------+----------+----------+----------+----------+----------+----------+----------+----------|
| random          |  0.99257 |  2.21670 |  3.95639 |  6.19453 |  8.89053 | 12.10853 | 15.85952 | 20.03526 | 24.64568 |
| ordered         |  0.00034 |  0.00050 |  0.00067 |  0.00084 |  0.00100 |  0.00117 |  0.00134 |  0.00151 |  0.00167 |
| reversed        |  1.45695 |  3.27874 |  5.82980 |  9.10994 | 13.11944 | 17.85807 | 23.32600 | 29.52271 | 36.45162 |
| almost ordered  |  0.21563 |  0.50428 |  0.88451 |  1.38227 |  1.95000 |  2.66988 |  3.43384 |  4.44406 |  5.40296 |
| almost reversed |  1.38825 |  3.12249 |  5.55933 |  8.67954 | 12.50444 | 16.99122 | 22.20407 | 28.14778 | 34.77179 |

BUCKET SORT table
| starting array  |    10000 |    15000 |    20000 |    25000 |    30000 |    35000 |    40000 |    45000 |    50000 |
|-----------------+----------+----------+----------+----------+----------+----------+----------+----------+----------|
| random          |  0.03115 |  0.03621 |  0.04309 |  0.04818 |  0.05321 |  0.05847 |  0.06358 |  0.06876 |  0.07399 |
| ordered         |  0.03073 |  0.03319 |  0.03557 |  0.03829 |  0.04094 |  0.04348 |  0.04605 |  0.04862 |  0.05171 |
| reversed        |  0.03076 |  0.03330 |  0.03572 |  0.03845 |  0.04104 |  0.04369 |  0.04637 |  0.04906 |  0.05232 |
| almost ordered  |  0.03173 |  0.03464 |  0.03764 |  0.04083 |  0.04407 |  0.04727 |  0.05047 |  0.05383 |  0.05783 |
| almost reversed |  0.03165 |  0.03473 |  0.03766 |  0.04088 |  0.04416 |  0.04736 |  0.05066 |  0.05381 |  0.05777 |

MIN: 0
MAX: 100000
CMP: 1000

TIM SORT table
| starting array  |    10000 |    15000 |    20000 |    25000 |    30000 |    35000 |    40000 |    45000 |    50000 |
|-----------------+----------+----------+----------+----------+----------+----------+----------+----------+----------|
| random          |  0.31890 |  0.47896 |  0.66376 |  0.84618 |  1.03158 |  1.23555 |  1.42551 |  1.61767 |  1.81391 |
| ordered         |  0.02400 |  0.03598 |  0.04797 |  0.06002 |  0.07201 |  0.08413 |  0.09606 |  0.10806 |  0.12008 |
| reversed        |  0.02443 |  0.03655 |  0.04874 |  0.06100 |  0.07316 |  0.08546 |  0.09746 |  0.10966 |  0.12184 |
| almost ordered  |  0.17541 |  0.27400 |  0.36230 |  0.46910 |  0.57400 |  0.63943 |  0.74865 |  0.85947 |  0.95392 |
| almost reversed |  0.18189 |  0.29051 |  0.37423 |  0.48338 |  0.59669 |  0.67767 |  0.77607 |  0.88571 |  1.01001 |

QUICK SORT table
| starting array  |    10000 |    15000 |    20000 |    25000 |    30000 |    35000 |    40000 |    45000 |    50000 |
|-----------------+----------+----------+----------+----------+----------+----------+----------+----------+----------|
| random          |  0.46873 |  0.71592 |  1.01690 |  1.33848 |  1.58085 |  1.80854 |  2.12097 |  2.37637 |  2.74410 |
| ordered         |  0.37323 |  0.56997 |  0.76588 |  0.94922 |  1.14643 |  1.33230 |  1.50874 |  1.68186 |  1.85256 |
| reversed        |  0.33072 |  0.52597 |  0.73829 |  0.95838 |  1.14485 |  1.32998 |  1.50925 |  1.68243 |  1.85324 |
| almost ordered  |  0.38217 |  0.59225 |  0.81382 |  0.98032 |  1.18243 |  1.37559 |  1.59825 |  1.74220 |  1.92402 |
| almost reversed |  0.40776 |  0.69200 |  0.97524 |  1.10340 |  1.49084 |  1.65338 |  1.83483 |  2.07119 |  2.33830 |

BUCKET SORT table
| starting array  |    10000 |    15000 |    20000 |    25000 |    30000 |    35000 |    40000 |    45000 |    50000 |
|-----------------+----------+----------+----------+----------+----------+----------+----------+----------+----------|
| random          |  0.03130 |  0.03652 |  0.04333 |  0.04843 |  0.05348 |  0.05876 |  0.06388 |  0.06925 |  0.07442 |
| ordered         |  0.03091 |  0.03332 |  0.03578 |  0.03855 |  0.04123 |  0.04366 |  0.04634 |  0.04895 |  0.05211 |
| reversed        |  0.03094 |  0.03349 |  0.03591 |  0.03871 |  0.04125 |  0.04402 |  0.04659 |  0.04940 |  0.05297 |
| almost ordered  |  0.03187 |  0.03479 |  0.03782 |  0.04113 |  0.04435 |  0.04744 |  0.05088 |  0.05421 |  0.05838 |
| almost reversed |  0.03178 |  0.03493 |  0.03783 |  0.04119 |  0.04435 |  0.04751 |  0.05091 |  0.05435 |  0.05810 |

MIN: 0
MAX: 100000
CMP: 100

TIM SORT table
| starting array  |    10000 |    15000 |    20000 |    25000 |    30000 |    35000 |    40000 |    45000 |    50000 |
|-----------------+----------+----------+----------+----------+----------+----------+----------+----------+----------|
| random          |  0.06162 |  0.07335 |  0.10073 |  0.12838 |  0.15733 |  0.18691 |  0.21553 |  0.24480 |  0.27457 |
| ordered         |  0.00296 |  0.00443 |  0.00590 |  0.00737 |  0.00885 |  0.01033 |  0.01181 |  0.01328 |  0.01478 |
| reversed        |  0.00334 |  0.00501 |  0.00667 |  0.00833 |  0.01000 |  0.01167 |  0.01324 |  0.01490 |  0.01655 |
| almost ordered  |  0.02722 |  0.04324 |  0.05706 |  0.07360 |  0.08969 |  0.10138 |  0.11722 |  0.13321 |  0.15017 |
| almost reversed |  0.03052 |  0.04977 |  0.06277 |  0.08174 |  0.10291 |  0.11120 |  0.13055 |  0.15022 |  0.16949 |

QUICK SORT table
| starting array  |    10000 |    15000 |    20000 |    25000 |    30000 |    35000 |    40000 |    45000 |    50000 |
|-----------------+----------+----------+----------+----------+----------+----------+----------+----------+----------|
| random          |  0.05217 |  0.08176 |  0.10933 |  0.13960 |  0.16875 |  0.21165 |  0.24822 |  0.26853 |  0.29903 |
| ordered         |  0.04112 |  0.06272 |  0.08400 |  0.10390 |  0.12543 |  0.14556 |  0.16485 |  0.18349 |  0.20185 |
| reversed        |  0.03629 |  0.05770 |  0.08105 |  0.10527 |  0.12569 |  0.14580 |  0.16512 |  0.18388 |  0.20235 |
| almost ordered  |  0.04210 |  0.06464 |  0.08680 |  0.10961 |  0.12905 |  0.15073 |  0.17131 |  0.19133 |  0.21047 |
| almost reversed |  0.04516 |  0.07031 |  0.10134 |  0.12157 |  0.14736 |  0.17463 |  0.20239 |  0.23458 |  0.25790 |

BUCKET SORT table
| starting array  |    10000 |    15000 |    20000 |    25000 |    30000 |    35000 |    40000 |    45000 |    50000 |
|-----------------+----------+----------+----------+----------+----------+----------+----------+----------+----------|
| random          |  0.03117 |  0.03615 |  0.04318 |  0.04807 |  0.05327 |  0.05834 |  0.06356 |  0.06894 |  0.07389 |
| ordered         |  0.03075 |  0.03318 |  0.03565 |  0.03830 |  0.04095 |  0.04352 |  0.04601 |  0.04873 |  0.05194 |
| reversed        |  0.03078 |  0.03328 |  0.03573 |  0.03843 |  0.04106 |  0.04369 |  0.04633 |  0.04912 |  0.05244 |
| almost ordered  |  0.03172 |  0.03462 |  0.03767 |  0.04074 |  0.04402 |  0.04719 |  0.05052 |  0.05387 |  0.05765 |
| almost reversed |  0.03163 |  0.03464 |  0.03762 |  0.04084 |  0.04409 |  0.04727 |  0.05049 |  0.05393 |  0.05754 |

MIN: 0
MAX: 100000
CMP: 10

TIM SORT table
| starting array  |    10000 |    15000 |    20000 |    25000 |    30000 |    35000 |    40000 |    45000 |    50000 |
|-----------------+----------+----------+----------+----------+----------+----------+----------+----------+----------|
| random          |  0.02993 |  0.03023 |  0.04105 |  0.05249 |  0.06442 |  0.07573 |  0.08731 |  0.09932 |  0.11147 |
| ordered         |  0.00084 |  0.00124 |  0.00166 |  0.00207 |  0.00248 |  0.00293 |  0.00336 |  0.00373 |  0.00414 |
| reversed        |  0.00106 |  0.00158 |  0.00210 |  0.00263 |  0.00317 |  0.00368 |  0.00424 |  0.00475 |  0.00528 |
| almost ordered  |  0.01175 |  0.01850 |  0.02445 |  0.03113 |  0.03851 |  0.04438 |  0.05062 |  0.05815 |  0.06521 |
| almost reversed |  0.01463 |  0.02464 |  0.02980 |  0.03981 |  0.05093 |  0.05311 |  0.06168 |  0.07190 |  0.08239 |

QUICK SORT table
| starting array  |    10000 |    15000 |    20000 |    25000 |    30000 |    35000 |    40000 |    45000 |    50000 |
|-----------------+----------+----------+----------+----------+----------+----------+----------+----------+----------|
| random          |  0.00877 |  0.01348 |  0.01807 |  0.02369 |  0.02817 |  0.03334 |  0.03767 |  0.04365 |  0.04906 |
| ordered         |  0.00656 |  0.00990 |  0.01318 |  0.01611 |  0.01939 |  0.02235 |  0.02516 |  0.02790 |  0.03048 |
| reversed        |  0.00572 |  0.00907 |  0.01280 |  0.01666 |  0.01964 |  0.02256 |  0.02552 |  0.02822 |  0.03079 |
| almost ordered  |  0.00684 |  0.01043 |  0.01384 |  0.01722 |  0.02046 |  0.02368 |  0.02702 |  0.02981 |  0.03271 |
| almost reversed |  0.00739 |  0.01167 |  0.01568 |  0.02060 |  0.02363 |  0.02803 |  0.03279 |  0.03744 |  0.04119 |

BUCKET SORT table
| starting array  |    10000 |    15000 |    20000 |    25000 |    30000 |    35000 |    40000 |    45000 |    50000 |
|-----------------+----------+----------+----------+----------+----------+----------+----------+----------+----------|
| random          |  0.03129 |  0.03647 |  0.04329 |  0.04836 |  0.05337 |  0.05896 |  0.06385 |  0.06923 |  0.07428 |
| ordered         |  0.03092 |  0.03326 |  0.03578 |  0.03841 |  0.04115 |  0.04363 |  0.04635 |  0.04896 |  0.05197 |
| reversed        |  0.03099 |  0.03342 |  0.03597 |  0.03865 |  0.04134 |  0.04396 |  0.04655 |  0.04939 |  0.05298 |
| almost ordered  |  0.03191 |  0.03481 |  0.03781 |  0.04108 |  0.04422 |  0.04765 |  0.05077 |  0.05416 |  0.05812 |
| almost reversed |  0.03186 |  0.03484 |  0.03798 |  0.04116 |  0.04424 |  0.04767 |  0.05076 |  0.05424 |  0.05792 |

