MIN: -1000
MAX: 1000
CMP: 1000

TIM SORT table
| starting array  |    10000 |    15000 |    20000 |    25000 |    30000 |    35000 |    40000 |    45000 |    50000 |
|-----------------+----------+----------+----------+----------+----------+----------+----------+----------+----------|
| random          |  0.30883 |  0.47970 |  0.66456 |  0.84698 |  1.03395 |  1.24081 |  1.42374 |  1.60874 |  1.79746 |
| ordered         |  0.02399 |  0.03598 |  0.04804 |  0.05997 |  0.07203 |  0.08406 |  0.09601 |  0.10805 |  0.12001 |
| reversed        |  0.02400 |  0.03603 |  0.04796 |  0.05999 |  0.07202 |  0.08400 |  0.09603 |  0.10805 |  0.12003 |
| almost ordered  |  0.02400 |  0.03599 |  0.04802 |  0.05998 |  0.07201 |  0.08403 |  0.09605 |  0.10801 |  0.12007 |
| almost reversed |  0.02400 |  0.03603 |  0.04798 |  0.06003 |  0.07201 |  0.08398 |  0.09604 |  0.10805 |  0.12008 |

QUICK SORT table
| starting array  |    10000 |    15000 |    20000 |    25000 |    30000 |    35000 |    40000 |    45000 |    50000 |
|-----------------+----------+----------+----------+----------+----------+----------+----------+----------+----------|
| random          |  0.45723 |  0.72694 |  0.97624 |  1.27027 |  1.51419 |  1.86161 |  2.14352 |  2.47004 |  2.64225 |
| ordered         |  0.41900 |  0.58440 |  0.88328 |  1.07760 |  1.23985 |  1.69883 |  1.86118 |  2.03889 |  2.27367 |
| reversed        |  0.41800 |  0.58431 |  0.88382 |  1.07844 |  1.24061 |  1.69996 |  1.86187 |  2.03879 |  2.27387 |
| almost ordered  |  0.41796 |  0.58437 |  0.88356 |  1.07766 |  1.23990 |  1.69914 |  1.86149 |  2.03870 |  2.27363 |
| almost reversed |  0.41800 |  0.58442 |  0.88348 |  1.07769 |  1.23985 |  1.69901 |  1.86158 |  2.03876 |  2.27368 |

BUCKET SORT table
| starting array  |    10000 |    15000 |    20000 |    25000 |    30000 |    35000 |    40000 |    45000 |    50000 |
|-----------------+----------+----------+----------+----------+----------+----------+----------+----------+----------|
| random          |  0.00427 |  0.00535 |  0.00623 |  0.00715 |  0.00777 |  0.00853 |  0.00940 |  0.00996 |  0.01056 |
| ordered         |  0.00122 |  0.00161 |  0.00200 |  0.00249 |  0.00280 |  0.00341 |  0.00375 |  0.00414 |  0.00453 |
| reversed        |  0.00121 |  0.00160 |  0.00202 |  0.00251 |  0.00277 |  0.00341 |  0.00374 |  0.00421 |  0.00453 |
| almost ordered  |  0.00122 |  0.00159 |  0.00200 |  0.00249 |  0.00279 |  0.00339 |  0.00370 |  0.00415 |  0.00450 |
| almost reversed |  0.00124 |  0.00160 |  0.00201 |  0.00250 |  0.00277 |  0.00343 |  0.00375 |  0.00412 |  0.00453 |

