MIN: -1000
MAX: 1000
CMP: 10

TIM SORT table
| starting array  |    10000 |    15000 |    20000 |    25000 |    30000 |    35000 |    40000 |    45000 |    50000 |
|-----------------+----------+----------+----------+----------+----------+----------+----------+----------+----------|
| random          |  0.03215 |  0.03020 |  0.04084 |  0.05229 |  0.06442 |  0.07550 |  0.08669 |  0.09825 |  0.11007 |
| ordered         |  0.00083 |  0.00124 |  0.00166 |  0.00207 |  0.00247 |  0.00289 |  0.00330 |  0.00372 |  0.00414 |
| reversed        |  0.00083 |  0.00125 |  0.00166 |  0.00207 |  0.00248 |  0.00289 |  0.00330 |  0.00372 |  0.00413 |
| almost ordered  |  0.00083 |  0.00125 |  0.00166 |  0.00207 |  0.00249 |  0.00290 |  0.00331 |  0.00372 |  0.00413 |
| almost reversed |  0.00083 |  0.00124 |  0.00165 |  0.00207 |  0.00248 |  0.00289 |  0.00331 |  0.00372 |  0.00413 |

QUICK SORT table
| starting array  |    10000 |    15000 |    20000 |    25000 |    30000 |    35000 |    40000 |    45000 |    50000 |
|-----------------+----------+----------+----------+----------+----------+----------+----------+----------+----------|
| random          |  0.00904 |  0.01493 |  0.02013 |  0.02415 |  0.03003 |  0.03435 |  0.04041 |  0.04660 |  0.05368 |
| ordered         |  0.00883 |  0.01216 |  0.01857 |  0.02261 |  0.02571 |  0.03589 |  0.03901 |  0.04260 |  0.04739 |
| reversed        |  0.00883 |  0.01216 |  0.01857 |  0.02260 |  0.02569 |  0.03583 |  0.03900 |  0.04262 |  0.04745 |
| almost ordered  |  0.00882 |  0.01216 |  0.01857 |  0.02253 |  0.02569 |  0.03581 |  0.03898 |  0.04262 |  0.04747 |
| almost reversed |  0.00884 |  0.01216 |  0.01858 |  0.02254 |  0.02569 |  0.03581 |  0.03896 |  0.04262 |  0.04743 |

BUCKET SORT table
| starting array  |    10000 |    15000 |    20000 |    25000 |    30000 |    35000 |    40000 |    45000 |    50000 |
|-----------------+----------+----------+----------+----------+----------+----------+----------+----------+----------|
| random          |  0.00425 |  0.00530 |  0.00623 |  0.00714 |  0.00774 |  0.00853 |  0.00937 |  0.00993 |  0.01052 |
| ordered         |  0.00122 |  0.00159 |  0.00202 |  0.00248 |  0.00277 |  0.00336 |  0.00369 |  0.00416 |  0.00450 |
| reversed        |  0.00123 |  0.00159 |  0.00201 |  0.00252 |  0.00277 |  0.00339 |  0.00370 |  0.00411 |  0.00450 |
| almost ordered  |  0.00122 |  0.00159 |  0.00199 |  0.00248 |  0.00277 |  0.00337 |  0.00370 |  0.00410 |  0.00449 |
| almost reversed |  0.00123 |  0.00159 |  0.00199 |  0.00248 |  0.00277 |  0.00337 |  0.00369 |  0.00410 |  0.00449 |

