MIN: -1000
MAX: 1000
CMP: 0

TIM SORT table
| starting array  |    10000 |    15000 |    20000 |    25000 |    30000 |    35000 |    40000 |    45000 |    50000 |
|-----------------+----------+----------+----------+----------+----------+----------+----------+----------+----------|
| random          |  0.01592 |  0.02515 |  0.03372 |  0.04314 |  0.05352 |  0.06203 |  0.07138 |  0.08097 |  0.09082 |
| ordered         |  0.00059 |  0.00089 |  0.00119 |  0.00150 |  0.00179 |  0.00208 |  0.00238 |  0.00268 |  0.00297 |
| reversed        |  0.00060 |  0.00089 |  0.00120 |  0.00148 |  0.00186 |  0.00210 |  0.00236 |  0.00268 |  0.00297 |
| almost ordered  |  0.00059 |  0.00089 |  0.00120 |  0.00150 |  0.00178 |  0.00208 |  0.00238 |  0.00268 |  0.00296 |
| almost reversed |  0.00059 |  0.00089 |  0.00120 |  0.00149 |  0.00178 |  0.00209 |  0.00239 |  0.00268 |  0.00297 |

QUICK SORT table
| starting array  |    10000 |    15000 |    20000 |    25000 |    30000 |    35000 |    40000 |    45000 |    50000 |
|-----------------+----------+----------+----------+----------+----------+----------+----------+----------+----------|
| random          |  0.00384 |  0.00604 |  0.00853 |  0.01057 |  0.01301 |  0.01590 |  0.01744 |  0.01955 |  0.02276 |
| ordered         |  0.00397 |  0.00514 |  0.00825 |  0.00968 |  0.01080 |  0.01602 |  0.01718 |  0.01846 |  0.02019 |
| reversed        |  0.00395 |  0.00516 |  0.00825 |  0.00968 |  0.01081 |  0.01602 |  0.01724 |  0.01841 |  0.02019 |
| almost ordered  |  0.00395 |  0.00516 |  0.00824 |  0.00967 |  0.01079 |  0.01603 |  0.01716 |  0.01844 |  0.02017 |
| almost reversed |  0.00397 |  0.00514 |  0.00826 |  0.00968 |  0.01080 |  0.01606 |  0.01718 |  0.01842 |  0.02020 |

INSERTION SORT table
| starting array  |    10000 |    15000 |    20000 |    25000 |    30000 |    35000 |    40000 |    45000 |    50000 |
|-----------------+----------+----------+----------+----------+----------+----------+----------+----------+----------|
| random          |  0.67912 |  1.54059 |  2.74373 |  4.27656 |  6.16154 |  8.35826 | 10.92970 | 13.79925 | 17.18259 |
| ordered         |  0.00018 |  0.00027 |  0.00036 |  0.00045 |  0.00054 |  0.00063 |  0.00072 |  0.00081 |  0.00090 |
| reversed        |  0.00018 |  0.00027 |  0.00036 |  0.00045 |  0.00054 |  0.00063 |  0.00072 |  0.00080 |  0.00089 |
| almost ordered  |  0.00018 |  0.00027 |  0.00036 |  0.00045 |  0.00054 |  0.00064 |  0.00072 |  0.00081 |  0.00090 |
| almost reversed |  0.00018 |  0.00027 |  0.00036 |  0.00045 |  0.00054 |  0.00063 |  0.00072 |  0.00081 |  0.00089 |

COCKTAIL SORT table
| starting array  |    10000 |    15000 |    20000 |    25000 |    30000 |    35000 |    40000 |    45000 |    50000 |
|-----------------+----------+----------+----------+----------+----------+----------+----------+----------+----------|
| random          |  0.99528 |  2.23599 |  3.94183 |  6.21315 |  8.92217 | 12.15228 | 15.93836 | 19.94796 | 24.81513 |
| ordered         |  0.00034 |  0.00050 |  0.00067 |  0.00084 |  0.00102 |  0.00118 |  0.00135 |  0.00150 |  0.00167 |
| reversed        |  0.00034 |  0.00050 |  0.00067 |  0.00084 |  0.00102 |  0.00118 |  0.00136 |  0.00150 |  0.00167 |
| almost ordered  |  0.00034 |  0.00050 |  0.00067 |  0.00084 |  0.00101 |  0.00118 |  0.00134 |  0.00150 |  0.00168 |
| almost reversed |  0.00034 |  0.00051 |  0.00067 |  0.00085 |  0.00100 |  0.00118 |  0.00134 |  0.00152 |  0.00168 |

BUCKET SORT table
| starting array  |    10000 |    15000 |    20000 |    25000 |    30000 |    35000 |    40000 |    45000 |    50000 |
|-----------------+----------+----------+----------+----------+----------+----------+----------+----------+----------|
| random          |  0.00426 |  0.00536 |  0.00627 |  0.00717 |  0.00779 |  0.00855 |  0.00945 |  0.01003 |  0.01063 |
| ordered         |  0.00124 |  0.00159 |  0.00209 |  0.00250 |  0.00280 |  0.00340 |  0.00374 |  0.00414 |  0.00451 |
| reversed        |  0.00121 |  0.00161 |  0.00200 |  0.00252 |  0.00277 |  0.00341 |  0.00375 |  0.00409 |  0.00453 |
| almost ordered  |  0.00122 |  0.00161 |  0.00199 |  0.00249 |  0.00279 |  0.00341 |  0.00370 |  0.00411 |  0.00452 |
| almost reversed |  0.00122 |  0.00160 |  0.00202 |  0.00248 |  0.00284 |  0.00341 |  0.00370 |  0.00411 |  0.00454 |

