MIN: -1000
MAX: 1000
CMP: 100

TIM SORT table
| starting array  |    10000 |    15000 |    20000 |    25000 |    30000 |    35000 |    40000 |    45000 |    50000 |
|-----------------+----------+----------+----------+----------+----------+----------+----------+----------+----------|
| random          |  0.04698 |  0.07330 |  0.10078 |  0.12875 |  0.15833 |  0.18776 |  0.21541 |  0.24361 |  0.27240 |
| ordered         |  0.00296 |  0.00443 |  0.00615 |  0.00750 |  0.00922 |  0.01062 |  0.01218 |  0.01379 |  0.01515 |
| reversed        |  0.00301 |  0.00462 |  0.00615 |  0.00763 |  0.00922 |  0.01037 |  0.01223 |  0.01384 |  0.01523 |
| almost ordered  |  0.00308 |  0.00461 |  0.00601 |  0.00766 |  0.00918 |  0.01072 |  0.01221 |  0.01368 |  0.01534 |
| almost reversed |  0.00308 |  0.00461 |  0.00615 |  0.00757 |  0.00910 |  0.01076 |  0.01229 |  0.01382 |  0.01521 |

QUICK SORT table
| starting array  |    10000 |    15000 |    20000 |    25000 |    30000 |    35000 |    40000 |    45000 |    50000 |
|-----------------+----------+----------+----------+----------+----------+----------+----------+----------+----------|
| random          |  0.05452 |  0.07824 |  0.11190 |  0.14315 |  0.17068 |  0.20307 |  0.24265 |  0.26066 |  0.29803 |
| ordered         |  0.04724 |  0.06577 |  0.09972 |  0.12151 |  0.13949 |  0.19218 |  0.21005 |  0.22977 |  0.25641 |
| reversed        |  0.04729 |  0.06568 |  0.09995 |  0.12198 |  0.14007 |  0.19220 |  0.21011 |  0.23030 |  0.25707 |
| almost ordered  |  0.04739 |  0.06579 |  0.10008 |  0.12177 |  0.14017 |  0.19366 |  0.21065 |  0.23025 |  0.25668 |
| almost reversed |  0.04731 |  0.06584 |  0.09996 |  0.12141 |  0.14013 |  0.19274 |  0.21016 |  0.23061 |  0.25701 |

BUCKET SORT table
| starting array  |    10000 |    15000 |    20000 |    25000 |    30000 |    35000 |    40000 |    45000 |    50000 |
|-----------------+----------+----------+----------+----------+----------+----------+----------+----------+----------|
| random          |  0.00424 |  0.00532 |  0.00624 |  0.00715 |  0.00775 |  0.00854 |  0.00939 |  0.00992 |  0.01053 |
| ordered         |  0.00121 |  0.00160 |  0.00202 |  0.00251 |  0.00277 |  0.00343 |  0.00371 |  0.00410 |  0.00453 |
| reversed        |  0.00121 |  0.00160 |  0.00200 |  0.00248 |  0.00277 |  0.00337 |  0.00370 |  0.00412 |  0.00450 |
| almost ordered  |  0.00121 |  0.00159 |  0.00200 |  0.00249 |  0.00277 |  0.00337 |  0.00371 |  0.00408 |  0.00449 |
| almost reversed |  0.00121 |  0.00159 |  0.00200 |  0.00248 |  0.00277 |  0.00337 |  0.00373 |  0.00412 |  0.00450 |

