MIN: 0
MAX: 1
CMP: 0

TIM SORT table
| starting array  |    10000 |    15000 |    20000 |    25000 |    30000 |    35000 |    40000 |    45000 |    50000 |
|-----------------+----------+----------+----------+----------+----------+----------+----------+----------+----------|
| random          |  0.00659 |  0.01023 |  0.01335 |  0.01706 |  0.02095 |  0.02384 |  0.02737 |  0.03120 |  0.03494 |
| ordered         |  0.00060 |  0.00089 |  0.00119 |  0.00149 |  0.00178 |  0.00209 |  0.00236 |  0.00266 |  0.00297 |
| reversed        |  0.00061 |  0.00090 |  0.00121 |  0.00150 |  0.00180 |  0.00210 |  0.00238 |  0.00269 |  0.00300 |
| almost ordered  |  0.00059 |  0.00089 |  0.00119 |  0.00148 |  0.00178 |  0.00206 |  0.00237 |  0.00268 |  0.00296 |
| almost reversed |  0.00061 |  0.00092 |  0.00120 |  0.00149 |  0.00180 |  0.00210 |  0.00239 |  0.00268 |  0.00298 |

QUICK SORT table
| starting array  |    10000 |    15000 |    20000 |    25000 |    30000 |    35000 |    40000 |    45000 |    50000 |
|-----------------+----------+----------+----------+----------+----------+----------+----------+----------+----------|
| random          |  0.00381 |  0.00629 |  0.00790 |  0.01018 |  0.01305 |  0.01432 |  0.01654 |  0.01798 |  0.02162 |
| ordered         |  0.00394 |  0.00514 |  0.00823 |  0.00964 |  0.01077 |  0.01597 |  0.01712 |  0.01838 |  0.02012 |
| reversed        |  0.00394 |  0.00513 |  0.00823 |  0.00965 |  0.01077 |  0.01597 |  0.01712 |  0.01837 |  0.02013 |
| almost ordered  |  0.00395 |  0.00513 |  0.00822 |  0.00964 |  0.01078 |  0.01598 |  0.01713 |  0.01837 |  0.02012 |
| almost reversed |  0.00395 |  0.00513 |  0.00822 |  0.00965 |  0.01077 |  0.01598 |  0.01712 |  0.01837 |  0.02012 |

INSERTION SORT table
| starting array  |    10000 |    15000 |    20000 |    25000 |    30000 |    35000 |    40000 |    45000 |    50000 |
|-----------------+----------+----------+----------+----------+----------+----------+----------+----------+----------|
| random          |  0.33642 |  0.76108 |  1.35169 |  2.13366 |  3.06614 |  4.17724 |  5.41983 |  6.89545 |  8.53818 |
| ordered         |  0.00018 |  0.00027 |  0.00036 |  0.00045 |  0.00054 |  0.00063 |  0.00072 |  0.00081 |  0.00089 |
| reversed        |  0.00043 |  0.00065 |  0.00086 |  0.00109 |  0.00129 |  0.00152 |  0.00173 |  0.00194 |  0.00216 |
| almost ordered  |  0.00018 |  0.00027 |  0.00036 |  0.00045 |  0.00054 |  0.00063 |  0.00072 |  0.00080 |  0.00089 |
| almost reversed |  0.00043 |  0.00065 |  0.00086 |  0.00108 |  0.00129 |  0.00152 |  0.00173 |  0.00195 |  0.00216 |

COCKTAIL SORT table
| starting array  |    10000 |    15000 |    20000 |    25000 |    30000 |    35000 |    40000 |    45000 |    50000 |
|-----------------+----------+----------+----------+----------+----------+----------+----------+----------+----------|
| random          |  0.86459 |  1.94578 |  3.41751 |  5.33310 |  7.68455 | 10.49852 | 13.56216 | 17.39518 | 21.34911 |
| ordered         |  0.00034 |  0.00050 |  0.00067 |  0.00084 |  0.00100 |  0.00118 |  0.00134 |  0.00150 |  0.00168 |
| reversed        |  0.00046 |  0.00069 |  0.00092 |  0.00115 |  0.00138 |  0.00161 |  0.00184 |  0.00207 |  0.00230 |
| almost ordered  |  0.00034 |  0.00050 |  0.00068 |  0.00084 |  0.00101 |  0.00117 |  0.00134 |  0.00151 |  0.00168 |
| almost reversed |  0.00046 |  0.00069 |  0.00092 |  0.00115 |  0.00138 |  0.00161 |  0.00184 |  0.00207 |  0.00230 |

BUCKET SORT table
| starting array  |    10000 |    15000 |    20000 |    25000 |    30000 |    35000 |    40000 |    45000 |    50000 |
|-----------------+----------+----------+----------+----------+----------+----------+----------+----------+----------|
| random          |  0.00078 |  0.00115 |  0.00153 |  0.00189 |  0.00227 |  0.00275 |  0.00324 |  0.00354 |  0.00393 |
| ordered         |  0.00078 |  0.00113 |  0.00153 |  0.00189 |  0.00228 |  0.00275 |  0.00318 |  0.00359 |  0.00398 |
| reversed        |  0.00076 |  0.00114 |  0.00153 |  0.00190 |  0.00228 |  0.00275 |  0.00318 |  0.00357 |  0.00397 |
| almost ordered  |  0.00076 |  0.00113 |  0.00153 |  0.00189 |  0.00228 |  0.00275 |  0.00318 |  0.00356 |  0.00394 |
| almost reversed |  0.00078 |  0.00113 |  0.00153 |  0.00189 |  0.00228 |  0.00275 |  0.00321 |  0.00362 |  0.00398 |

