MIN: 0
MAX: 1
CMP: 1000

TIM SORT table
| starting array  |    10000 |    15000 |    20000 |    25000 |    30000 |    35000 |    40000 |    45000 |    50000 |
|-----------------+----------+----------+----------+----------+----------+----------+----------+----------+----------|
| random          |  0.12024 |  0.17532 |  0.23667 |  0.29515 |  0.35161 |  0.41386 |  0.47435 |  0.53349 |  0.59076 |
| ordered         |  0.02405 |  0.03588 |  0.04805 |  0.06009 |  0.07208 |  0.08407 |  0.09611 |  0.10815 |  0.12014 |
| reversed        |  0.02415 |  0.03628 |  0.04819 |  0.06027 |  0.07233 |  0.08425 |  0.09623 |  0.10833 |  0.12030 |
| almost ordered  |  0.02403 |  0.03605 |  0.04806 |  0.06006 |  0.07209 |  0.08417 |  0.09610 |  0.10811 |  0.12012 |
| almost reversed |  0.02416 |  0.03621 |  0.04817 |  0.06023 |  0.07226 |  0.08423 |  0.09625 |  0.10830 |  0.12037 |

QUICK SORT table
| starting array  |    10000 |    15000 |    20000 |    25000 |    30000 |    35000 |    40000 |    45000 |    50000 |
|-----------------+----------+----------+----------+----------+----------+----------+----------+----------+----------|
| random          |  0.41781 |  0.65035 |  0.84774 |  1.11419 |  1.29319 |  1.61600 |  1.83712 |  2.00998 |  2.34387 |
| ordered         |  0.41700 |  0.58336 |  0.88158 |  1.07570 |  1.23664 |  1.69430 |  1.85592 |  2.03308 |  2.26735 |
| reversed        |  0.41677 |  0.58274 |  0.88080 |  1.07463 |  1.23648 |  1.69422 |  1.85601 |  2.03296 |  2.26727 |
| almost ordered  |  0.41678 |  0.58297 |  0.88106 |  1.07507 |  1.23700 |  1.69480 |  1.85669 |  2.03405 |  2.26793 |
| almost reversed |  0.41674 |  0.58269 |  0.88062 |  1.07471 |  1.23628 |  1.69428 |  1.85617 |  2.03312 |  2.26722 |

BUCKET SORT table
| starting array  |    10000 |    15000 |    20000 |    25000 |    30000 |    35000 |    40000 |    45000 |    50000 |
|-----------------+----------+----------+----------+----------+----------+----------+----------+----------+----------|
| random          |  0.00079 |  0.00114 |  0.00153 |  0.00190 |  0.00230 |  0.00275 |  0.00322 |  0.00358 |  0.00398 |
| ordered         |  0.00078 |  0.00115 |  0.00157 |  0.00192 |  0.00227 |  0.00274 |  0.00318 |  0.00355 |  0.00395 |
| reversed        |  0.00078 |  0.00113 |  0.00153 |  0.00189 |  0.00228 |  0.00276 |  0.00318 |  0.00355 |  0.00397 |
| almost ordered  |  0.00076 |  0.00114 |  0.00153 |  0.00190 |  0.00229 |  0.00275 |  0.00317 |  0.00358 |  0.00401 |
| almost reversed |  0.00076 |  0.00113 |  0.00154 |  0.00190 |  0.00228 |  0.00276 |  0.00318 |  0.00357 |  0.00396 |

