MIN: 0
MAX: 1
CMP: 10

TIM SORT table
| starting array  |    10000 |    15000 |    20000 |    25000 |    30000 |    35000 |    40000 |    45000 |    50000 |
|-----------------+----------+----------+----------+----------+----------+----------+----------+----------+----------|
| random          |  0.01777 |  0.01391 |  0.01633 |  0.02062 |  0.02541 |  0.02894 |  0.03327 |  0.03780 |  0.04216 |
| ordered         |  0.00083 |  0.00125 |  0.00166 |  0.00208 |  0.00249 |  0.00288 |  0.00333 |  0.00372 |  0.00415 |
| reversed        |  0.00084 |  0.00127 |  0.00168 |  0.00210 |  0.00250 |  0.00292 |  0.00335 |  0.00375 |  0.00417 |
| almost ordered  |  0.00083 |  0.00124 |  0.00166 |  0.00209 |  0.00248 |  0.00291 |  0.00330 |  0.00373 |  0.00413 |
| almost reversed |  0.00094 |  0.00126 |  0.00167 |  0.00209 |  0.00252 |  0.00290 |  0.00335 |  0.00374 |  0.00419 |

QUICK SORT table
| starting array  |    10000 |    15000 |    20000 |    25000 |    30000 |    35000 |    40000 |    45000 |    50000 |
|-----------------+----------+----------+----------+----------+----------+----------+----------+----------+----------|
| random          |  0.00834 |  0.01277 |  0.01808 |  0.02367 |  0.02861 |  0.03308 |  0.03827 |  0.04127 |  0.04915 |
| ordered         |  0.00884 |  0.01221 |  0.01862 |  0.02261 |  0.02580 |  0.03599 |  0.03906 |  0.04281 |  0.04749 |
| reversed        |  0.00885 |  0.01219 |  0.01862 |  0.02268 |  0.02587 |  0.03592 |  0.03919 |  0.04285 |  0.04762 |
| almost ordered  |  0.00886 |  0.01220 |  0.01866 |  0.02261 |  0.02577 |  0.03594 |  0.03919 |  0.04273 |  0.04763 |
| almost reversed |  0.00886 |  0.01219 |  0.01862 |  0.02260 |  0.02581 |  0.03590 |  0.03912 |  0.04269 |  0.04754 |

BUCKET SORT table
| starting array  |    10000 |    15000 |    20000 |    25000 |    30000 |    35000 |    40000 |    45000 |    50000 |
|-----------------+----------+----------+----------+----------+----------+----------+----------+----------+----------|
| random          |  0.00080 |  0.00115 |  0.00154 |  0.00191 |  0.00229 |  0.00276 |  0.00321 |  0.00366 |  0.00401 |
| ordered         |  0.00078 |  0.00117 |  0.00156 |  0.00192 |  0.00230 |  0.00275 |  0.00318 |  0.00359 |  0.00397 |
| reversed        |  0.00076 |  0.00114 |  0.00155 |  0.00191 |  0.00229 |  0.00274 |  0.00320 |  0.00358 |  0.00394 |
| almost ordered  |  0.00085 |  0.00114 |  0.00155 |  0.00191 |  0.00227 |  0.00278 |  0.00320 |  0.00357 |  0.00397 |
| almost reversed |  0.00077 |  0.00115 |  0.00153 |  0.00189 |  0.00229 |  0.00276 |  0.00317 |  0.00357 |  0.00396 |

