MIN: 0
MAX: 1
CMP: 100

TIM SORT table
| starting array  |    10000 |    15000 |    20000 |    25000 |    30000 |    35000 |    40000 |    45000 |    50000 |
|-----------------+----------+----------+----------+----------+----------+----------+----------+----------+----------|
| random          |  0.01879 |  0.02814 |  0.03760 |  0.04708 |  0.05679 |  0.06631 |  0.07586 |  0.08525 |  0.09496 |
| ordered         |  0.00309 |  0.00460 |  0.00618 |  0.00769 |  0.00908 |  0.01074 |  0.01225 |  0.01376 |  0.01543 |
| reversed        |  0.00314 |  0.00459 |  0.00619 |  0.00769 |  0.00925 |  0.01067 |  0.01231 |  0.01381 |  0.01537 |
| almost ordered  |  0.00307 |  0.00461 |  0.00609 |  0.00775 |  0.00922 |  0.01080 |  0.01226 |  0.01370 |  0.01512 |
| almost reversed |  0.00311 |  0.00463 |  0.00617 |  0.00766 |  0.00915 |  0.01078 |  0.01215 |  0.01374 |  0.01530 |

QUICK SORT table
| starting array  |    10000 |    15000 |    20000 |    25000 |    30000 |    35000 |    40000 |    45000 |    50000 |
|-----------------+----------+----------+----------+----------+----------+----------+----------+----------+----------|
| random          |  0.04749 |  0.07554 |  0.09503 |  0.12793 |  0.15375 |  0.17911 |  0.20008 |  0.22748 |  0.26539 |
| ordered         |  0.04736 |  0.06588 |  0.10006 |  0.12169 |  0.13967 |  0.19248 |  0.21061 |  0.23032 |  0.25649 |
| reversed        |  0.04737 |  0.06591 |  0.10001 |  0.12168 |  0.13972 |  0.19248 |  0.21046 |  0.23009 |  0.25633 |
| almost ordered  |  0.04733 |  0.06589 |  0.10001 |  0.12162 |  0.13969 |  0.19252 |  0.21064 |  0.23034 |  0.25645 |
| almost reversed |  0.04732 |  0.06587 |  0.09990 |  0.12159 |  0.13984 |  0.19332 |  0.21189 |  0.23134 |  0.25750 |

BUCKET SORT table
| starting array  |    10000 |    15000 |    20000 |    25000 |    30000 |    35000 |    40000 |    45000 |    50000 |
|-----------------+----------+----------+----------+----------+----------+----------+----------+----------+----------|
| random          |  0.00080 |  0.00114 |  0.00154 |  0.00192 |  0.00231 |  0.00276 |  0.00330 |  0.00363 |  0.00404 |
| ordered         |  0.00079 |  0.00117 |  0.00160 |  0.00192 |  0.00230 |  0.00278 |  0.00327 |  0.00360 |  0.00399 |
| reversed        |  0.00077 |  0.00113 |  0.00154 |  0.00189 |  0.00229 |  0.00278 |  0.00325 |  0.00358 |  0.00400 |
| almost ordered  |  0.00078 |  0.00113 |  0.00154 |  0.00190 |  0.00229 |  0.00280 |  0.00319 |  0.00358 |  0.00396 |
| almost reversed |  0.00076 |  0.00114 |  0.00154 |  0.00191 |  0.00231 |  0.00276 |  0.00320 |  0.00357 |  0.00395 |

