MIN: 0
MAX: 100000
CMP: 100

TIM SORT table
| starting array  |    10000 |    15000 |    20000 |    25000 |    30000 |    35000 |    40000 |    45000 |    50000 |
|-----------------+----------+----------+----------+----------+----------+----------+----------+----------+----------|
| random          |  0.06162 |  0.07335 |  0.10073 |  0.12838 |  0.15733 |  0.18691 |  0.21553 |  0.24480 |  0.27457 |
| ordered         |  0.00296 |  0.00443 |  0.00590 |  0.00737 |  0.00885 |  0.01033 |  0.01181 |  0.01328 |  0.01478 |
| reversed        |  0.00334 |  0.00501 |  0.00667 |  0.00833 |  0.01000 |  0.01167 |  0.01324 |  0.01490 |  0.01655 |
| almost ordered  |  0.02722 |  0.04324 |  0.05706 |  0.07360 |  0.08969 |  0.10138 |  0.11722 |  0.13321 |  0.15017 |
| almost reversed |  0.03052 |  0.04977 |  0.06277 |  0.08174 |  0.10291 |  0.11120 |  0.13055 |  0.15022 |  0.16949 |

QUICK SORT table
| starting array  |    10000 |    15000 |    20000 |    25000 |    30000 |    35000 |    40000 |    45000 |    50000 |
|-----------------+----------+----------+----------+----------+----------+----------+----------+----------+----------|
| random          |  0.05217 |  0.08176 |  0.10933 |  0.13960 |  0.16875 |  0.21165 |  0.24822 |  0.26853 |  0.29903 |
| ordered         |  0.04112 |  0.06272 |  0.08400 |  0.10390 |  0.12543 |  0.14556 |  0.16485 |  0.18349 |  0.20185 |
| reversed        |  0.03629 |  0.05770 |  0.08105 |  0.10527 |  0.12569 |  0.14580 |  0.16512 |  0.18388 |  0.20235 |
| almost ordered  |  0.04210 |  0.06464 |  0.08680 |  0.10961 |  0.12905 |  0.15073 |  0.17131 |  0.19133 |  0.21047 |
| almost reversed |  0.04516 |  0.07031 |  0.10134 |  0.12157 |  0.14736 |  0.17463 |  0.20239 |  0.23458 |  0.25790 |

BUCKET SORT table
| starting array  |    10000 |    15000 |    20000 |    25000 |    30000 |    35000 |    40000 |    45000 |    50000 |
|-----------------+----------+----------+----------+----------+----------+----------+----------+----------+----------|
| random          |  0.03117 |  0.03615 |  0.04318 |  0.04807 |  0.05327 |  0.05834 |  0.06356 |  0.06894 |  0.07389 |
| ordered         |  0.03075 |  0.03318 |  0.03565 |  0.03830 |  0.04095 |  0.04352 |  0.04601 |  0.04873 |  0.05194 |
| reversed        |  0.03078 |  0.03328 |  0.03573 |  0.03843 |  0.04106 |  0.04369 |  0.04633 |  0.04912 |  0.05244 |
| almost ordered  |  0.03172 |  0.03462 |  0.03767 |  0.04074 |  0.04402 |  0.04719 |  0.05052 |  0.05387 |  0.05765 |
| almost reversed |  0.03163 |  0.03464 |  0.03762 |  0.04084 |  0.04409 |  0.04727 |  0.05049 |  0.05393 |  0.05754 |

