MIN: 0
MAX: 100000
CMP: 0

TIM SORT table
| starting array  |    10000 |    15000 |    20000 |    25000 |    30000 |    35000 |    40000 |    45000 |    50000 |
|-----------------+----------+----------+----------+----------+----------+----------+----------+----------+----------|
| random          |  0.02755 |  0.02510 |  0.03377 |  0.04332 |  0.05336 |  0.06221 |  0.07175 |  0.08164 |  0.09191 |
| ordered         |  0.00059 |  0.00089 |  0.00119 |  0.00149 |  0.00178 |  0.00208 |  0.00242 |  0.00266 |  0.00299 |
| reversed        |  0.00082 |  0.00123 |  0.00164 |  0.00205 |  0.00246 |  0.00288 |  0.00330 |  0.00369 |  0.00410 |
| almost ordered  |  0.00971 |  0.01527 |  0.02033 |  0.02580 |  0.03179 |  0.03644 |  0.04239 |  0.04769 |  0.05384 |
| almost reversed |  0.01231 |  0.02144 |  0.02576 |  0.03422 |  0.04398 |  0.04488 |  0.05306 |  0.06122 |  0.07083 |

QUICK SORT table
| starting array  |    10000 |    15000 |    20000 |    25000 |    30000 |    35000 |    40000 |    45000 |    50000 |
|-----------------+----------+----------+----------+----------+----------+----------+----------+----------+----------|
| random          |  0.00360 |  0.00572 |  0.00765 |  0.00948 |  0.01166 |  0.01467 |  0.01601 |  0.01847 |  0.02112 |
| ordered         |  0.00263 |  0.00398 |  0.00520 |  0.00635 |  0.00759 |  0.00862 |  0.00955 |  0.01058 |  0.01147 |
| reversed        |  0.00222 |  0.00356 |  0.00500 |  0.00658 |  0.00772 |  0.00879 |  0.00975 |  0.01080 |  0.01170 |
| almost ordered  |  0.00282 |  0.00425 |  0.00564 |  0.00693 |  0.00821 |  0.00949 |  0.01059 |  0.01165 |  0.01264 |
| almost reversed |  0.00329 |  0.00508 |  0.00692 |  0.00811 |  0.00983 |  0.01164 |  0.01350 |  0.01526 |  0.01703 |

INSERTION SORT table
| starting array  |    10000 |    15000 |    20000 |    25000 |    30000 |    35000 |    40000 |    45000 |    50000 |
|-----------------+----------+----------+----------+----------+----------+----------+----------+----------+----------|
| random          |  0.68587 |  1.53718 |  2.72204 |  4.24889 |  6.15203 |  8.26614 | 10.96426 | 13.76234 | 16.99999 |
| ordered         |  0.00018 |  0.00027 |  0.00036 |  0.00045 |  0.00054 |  0.00063 |  0.00072 |  0.00080 |  0.00089 |
| reversed        |  1.36056 |  3.06260 |  5.44526 |  8.50883 | 12.25308 | 16.67826 | 21.78445 | 27.57079 | 34.04131 |
| almost ordered  |  0.15443 |  0.35004 |  0.62315 |  0.99479 |  1.37391 |  1.92823 |  2.48026 |  3.17534 |  3.95237 |
| almost reversed |  1.20087 |  2.69540 |  4.81020 |  7.51934 | 10.86007 | 14.74847 | 19.26188 | 24.39250 | 30.19678 |

COCKTAIL SORT table
| starting array  |    10000 |    15000 |    20000 |    25000 |    30000 |    35000 |    40000 |    45000 |    50000 |
|-----------------+----------+----------+----------+----------+----------+----------+----------+----------+----------|
| random          |  0.99257 |  2.21670 |  3.95639 |  6.19453 |  8.89053 | 12.10853 | 15.85952 | 20.03526 | 24.64568 |
| ordered         |  0.00034 |  0.00050 |  0.00067 |  0.00084 |  0.00100 |  0.00117 |  0.00134 |  0.00151 |  0.00167 |
| reversed        |  1.45695 |  3.27874 |  5.82980 |  9.10994 | 13.11944 | 17.85807 | 23.32600 | 29.52271 | 36.45162 |
| almost ordered  |  0.21563 |  0.50428 |  0.88451 |  1.38227 |  1.95000 |  2.66988 |  3.43384 |  4.44406 |  5.40296 |
| almost reversed |  1.38825 |  3.12249 |  5.55933 |  8.67954 | 12.50444 | 16.99122 | 22.20407 | 28.14778 | 34.77179 |

BUCKET SORT table
| starting array  |    10000 |    15000 |    20000 |    25000 |    30000 |    35000 |    40000 |    45000 |    50000 |
|-----------------+----------+----------+----------+----------+----------+----------+----------+----------+----------|
| random          |  0.03115 |  0.03621 |  0.04309 |  0.04818 |  0.05321 |  0.05847 |  0.06358 |  0.06876 |  0.07399 |
| ordered         |  0.03073 |  0.03319 |  0.03557 |  0.03829 |  0.04094 |  0.04348 |  0.04605 |  0.04862 |  0.05171 |
| reversed        |  0.03076 |  0.03330 |  0.03572 |  0.03845 |  0.04104 |  0.04369 |  0.04637 |  0.04906 |  0.05232 |
| almost ordered  |  0.03173 |  0.03464 |  0.03764 |  0.04083 |  0.04407 |  0.04727 |  0.05047 |  0.05383 |  0.05783 |
| almost reversed |  0.03165 |  0.03473 |  0.03766 |  0.04088 |  0.04416 |  0.04736 |  0.05066 |  0.05381 |  0.05777 |

