MIN: 0
MAX: 100000
CMP: 1000

TIM SORT table
| starting array  |    10000 |    15000 |    20000 |    25000 |    30000 |    35000 |    40000 |    45000 |    50000 |
|-----------------+----------+----------+----------+----------+----------+----------+----------+----------+----------|
| random          |  0.31890 |  0.47896 |  0.66376 |  0.84618 |  1.03158 |  1.23555 |  1.42551 |  1.61767 |  1.81391 |
| ordered         |  0.02400 |  0.03598 |  0.04797 |  0.06002 |  0.07201 |  0.08413 |  0.09606 |  0.10806 |  0.12008 |
| reversed        |  0.02443 |  0.03655 |  0.04874 |  0.06100 |  0.07316 |  0.08546 |  0.09746 |  0.10966 |  0.12184 |
| almost ordered  |  0.17541 |  0.27400 |  0.36230 |  0.46910 |  0.57400 |  0.63943 |  0.74865 |  0.85947 |  0.95392 |
| almost reversed |  0.18189 |  0.29051 |  0.37423 |  0.48338 |  0.59669 |  0.67767 |  0.77607 |  0.88571 |  1.01001 |

QUICK SORT table
| starting array  |    10000 |    15000 |    20000 |    25000 |    30000 |    35000 |    40000 |    45000 |    50000 |
|-----------------+----------+----------+----------+----------+----------+----------+----------+----------+----------|
| random          |  0.46873 |  0.71592 |  1.01690 |  1.33848 |  1.58085 |  1.80854 |  2.12097 |  2.37637 |  2.74410 |
| ordered         |  0.37323 |  0.56997 |  0.76588 |  0.94922 |  1.14643 |  1.33230 |  1.50874 |  1.68186 |  1.85256 |
| reversed        |  0.33072 |  0.52597 |  0.73829 |  0.95838 |  1.14485 |  1.32998 |  1.50925 |  1.68243 |  1.85324 |
| almost ordered  |  0.38217 |  0.59225 |  0.81382 |  0.98032 |  1.18243 |  1.37559 |  1.59825 |  1.74220 |  1.92402 |
| almost reversed |  0.40776 |  0.69200 |  0.97524 |  1.10340 |  1.49084 |  1.65338 |  1.83483 |  2.07119 |  2.33830 |

BUCKET SORT table
| starting array  |    10000 |    15000 |    20000 |    25000 |    30000 |    35000 |    40000 |    45000 |    50000 |
|-----------------+----------+----------+----------+----------+----------+----------+----------+----------+----------|
| random          |  0.03130 |  0.03652 |  0.04333 |  0.04843 |  0.05348 |  0.05876 |  0.06388 |  0.06925 |  0.07442 |
| ordered         |  0.03091 |  0.03332 |  0.03578 |  0.03855 |  0.04123 |  0.04366 |  0.04634 |  0.04895 |  0.05211 |
| reversed        |  0.03094 |  0.03349 |  0.03591 |  0.03871 |  0.04125 |  0.04402 |  0.04659 |  0.04940 |  0.05297 |
| almost ordered  |  0.03187 |  0.03479 |  0.03782 |  0.04113 |  0.04435 |  0.04744 |  0.05088 |  0.05421 |  0.05838 |
| almost reversed |  0.03178 |  0.03493 |  0.03783 |  0.04119 |  0.04435 |  0.04751 |  0.05091 |  0.05435 |  0.05810 |

