MIN: 0
MAX: 100000
CMP: 10

TIM SORT table
| starting array  |    10000 |    15000 |    20000 |    25000 |    30000 |    35000 |    40000 |    45000 |    50000 |
|-----------------+----------+----------+----------+----------+----------+----------+----------+----------+----------|
| random          |  0.02993 |  0.03023 |  0.04105 |  0.05249 |  0.06442 |  0.07573 |  0.08731 |  0.09932 |  0.11147 |
| ordered         |  0.00084 |  0.00124 |  0.00166 |  0.00207 |  0.00248 |  0.00293 |  0.00336 |  0.00373 |  0.00414 |
| reversed        |  0.00106 |  0.00158 |  0.00210 |  0.00263 |  0.00317 |  0.00368 |  0.00424 |  0.00475 |  0.00528 |
| almost ordered  |  0.01175 |  0.01850 |  0.02445 |  0.03113 |  0.03851 |  0.04438 |  0.05062 |  0.05815 |  0.06521 |
| almost reversed |  0.01463 |  0.02464 |  0.02980 |  0.03981 |  0.05093 |  0.05311 |  0.06168 |  0.07190 |  0.08239 |

QUICK SORT table
| starting array  |    10000 |    15000 |    20000 |    25000 |    30000 |    35000 |    40000 |    45000 |    50000 |
|-----------------+----------+----------+----------+----------+----------+----------+----------+----------+----------|
| random          |  0.00877 |  0.01348 |  0.01807 |  0.02369 |  0.02817 |  0.03334 |  0.03767 |  0.04365 |  0.04906 |
| ordered         |  0.00656 |  0.00990 |  0.01318 |  0.01611 |  0.01939 |  0.02235 |  0.02516 |  0.02790 |  0.03048 |
| reversed        |  0.00572 |  0.00907 |  0.01280 |  0.01666 |  0.01964 |  0.02256 |  0.02552 |  0.02822 |  0.03079 |
| almost ordered  |  0.00684 |  0.01043 |  0.01384 |  0.01722 |  0.02046 |  0.02368 |  0.02702 |  0.02981 |  0.03271 |
| almost reversed |  0.00739 |  0.01167 |  0.01568 |  0.02060 |  0.02363 |  0.02803 |  0.03279 |  0.03744 |  0.04119 |

BUCKET SORT table
| starting array  |    10000 |    15000 |    20000 |    25000 |    30000 |    35000 |    40000 |    45000 |    50000 |
|-----------------+----------+----------+----------+----------+----------+----------+----------+----------+----------|
| random          |  0.03129 |  0.03647 |  0.04329 |  0.04836 |  0.05337 |  0.05896 |  0.06385 |  0.06923 |  0.07428 |
| ordered         |  0.03092 |  0.03326 |  0.03578 |  0.03841 |  0.04115 |  0.04363 |  0.04635 |  0.04896 |  0.05197 |
| reversed        |  0.03099 |  0.03342 |  0.03597 |  0.03865 |  0.04134 |  0.04396 |  0.04655 |  0.04939 |  0.05298 |
| almost ordered  |  0.03191 |  0.03481 |  0.03781 |  0.04108 |  0.04422 |  0.04765 |  0.05077 |  0.05416 |  0.05812 |
| almost reversed |  0.03186 |  0.03484 |  0.03798 |  0.04116 |  0.04424 |  0.04767 |  0.05076 |  0.05424 |  0.05792 |

